"gene","id","snp","ref_count","total_count","alt_count"
"CENPN","s329_S_VTA_03_ASEReadCounter.table","NW_015090842.1:5801612",0,1,1
"CENPN","s329_S_VTA_03_ASEReadCounter.table","NW_015090842.1:5801618",0,2,2
"CENPN","s329_S_VTA_03_ASEReadCounter.table","NW_015090842.1:5801623",0,2,2
"CENPN","s329_S_VTA_03_ASEReadCounter.table","NW_015090842.1:5801631",0,2,2
"CENPN","s329_S_VTA_03_ASEReadCounter.table","NW_015090842.1:5801632",0,2,2
"CENPN","s329_S_VTA_03_ASEReadCounter.table","NW_015090842.1:5801655",0,2,2
"CENPN","s329_S_VTA_03_ASEReadCounter.table","NW_015090842.1:5801670",0,2,2
"CENPN","s329_S_VTA_03_ASEReadCounter.table","NW_015090842.1:5801674",0,2,2
"CENPN","s329_S_VTA_03_ASEReadCounter.table","NW_015090842.1:5801692",1,2,1
"CENPN","s329_S_VTA_03_ASEReadCounter.table","NW_015090842.1:5802008",0,4,4
"CENPN","s329_S_VTA_03_ASEReadCounter.table","NW_015090842.1:5802012",0,4,4
"CENPN","s329_S_VTA_03_ASEReadCounter.table","NW_015090842.1:5802087",0,5,5
"CENPN","s329_S_VTA_03_ASEReadCounter.table","NW_015090842.1:5810113",2,2,0
"CENPN","s329_S_VTA_03_ASEReadCounter.table","NW_015090842.1:5810147",6,6,0
"CENPN","s329_S_VTA_03_ASEReadCounter.table","NW_015090842.1:5810148",6,6,0
"ATMIN","s329_S_VTA_03_ASEReadCounter.table","NW_015090842.1:5818789",5,14,9
"ATMIN","s329_S_VTA_03_ASEReadCounter.table","NW_015090842.1:5819958",4,13,9
"ATMIN","s329_S_VTA_03_ASEReadCounter.table","NW_015090842.1:5820004",8,19,11
"ATMIN","s329_S_VTA_03_ASEReadCounter.table","NW_015090842.1:5820217",6,13,7
"ATMIN","s329_S_VTA_03_ASEReadCounter.table","NW_015090842.1:5820250",8,16,8
"ATMIN","s329_S_VTA_03_ASEReadCounter.table","NW_015090842.1:5820298",11,18,7
"ATMIN","s329_S_VTA_03_ASEReadCounter.table","NW_015090842.1:5820417",10,22,12
"ATMIN","s329_S_VTA_03_ASEReadCounter.table","NW_015090842.1:5820421",10,20,10
"ATMIN","s329_S_VTA_03_ASEReadCounter.table","NW_015090842.1:5820448",10,17,7
"ATMIN","s329_S_VTA_03_ASEReadCounter.table","NW_015090842.1:5820457",9,14,5
"ATMIN","s329_S_VTA_03_ASEReadCounter.table","NW_015090842.1:5820510",6,12,6
"ATMIN","s329_S_VTA_03_ASEReadCounter.table","NW_015090842.1:5820673",12,17,5
"ATMIN","s329_S_VTA_03_ASEReadCounter.table","NW_015090842.1:5820754",11,18,7
"ATMIN","s329_S_VTA_03_ASEReadCounter.table","NW_015090842.1:5820820",6,12,6
"ATMIN","s329_S_VTA_03_ASEReadCounter.table","NW_015090842.1:5820865",8,14,6
"ATMIN","s329_S_VTA_03_ASEReadCounter.table","NW_015090842.1:5820889",8,19,11
"ATMIN","s329_S_VTA_03_ASEReadCounter.table","NW_015090842.1:5820891",8,18,10
"ATMIN","s329_S_VTA_03_ASEReadCounter.table","NW_015090842.1:5820997",11,23,12
"ATMIN","s329_S_VTA_03_ASEReadCounter.table","NW_015090842.1:5821063",11,28,17
"ATMIN","s329_S_VTA_03_ASEReadCounter.table","NW_015090842.1:5821132",9,23,14
"ATMIN","s329_S_VTA_03_ASEReadCounter.table","NW_015090842.1:5821645",10,27,17
"ATMIN","s329_S_VTA_03_ASEReadCounter.table","NW_015090842.1:5825066",18,43,25
"ATMIN","s329_S_VTA_03_ASEReadCounter.table","NW_015090842.1:5825106",10,35,25
"ATMIN","s329_S_VTA_03_ASEReadCounter.table","NW_015090842.1:5825122",10,31,21
"ATMIN","s329_S_VTA_03_ASEReadCounter.table","NW_015090842.1:5825178",13,35,22
"ATMIN","s329_S_VTA_03_ASEReadCounter.table","NW_015090842.1:5825194",15,35,20
"ATMIN","s329_S_VTA_03_ASEReadCounter.table","NW_015090842.1:5825195",14,34,20
"ATMIN","s329_S_VTA_03_ASEReadCounter.table","NW_015090842.1:5825220",15,35,20
"ATMIN","s329_S_VTA_03_ASEReadCounter.table","NW_015090842.1:5825240",26,45,19
"ATMIN","s329_S_VTA_03_ASEReadCounter.table","NW_015090842.1:5825303",35,61,26
"ATMIN","s329_S_VTA_03_ASEReadCounter.table","NW_015090842.1:5825304",34,60,26
"ATMIN","s329_S_VTA_03_ASEReadCounter.table","NW_015090842.1:5825310",35,63,28
"ATMIN","s329_S_VTA_03_ASEReadCounter.table","NW_015090842.1:5825406",21,45,24
"ATMIN","s329_S_VTA_03_ASEReadCounter.table","NW_015090842.1:5825415",23,46,23
"ATMIN","s329_S_VTA_03_ASEReadCounter.table","NW_015090842.1:5825438",24,49,25
"ATMIN","s329_S_VTA_03_ASEReadCounter.table","NW_015090842.1:5825485",21,45,24
"ATMIN","s329_S_VTA_03_ASEReadCounter.table","NW_015090842.1:5825524",19,48,29
"ATMIN","s329_S_VTA_03_ASEReadCounter.table","NW_015090842.1:5825557",25,60,35
"ATMIN","s329_S_VTA_03_ASEReadCounter.table","NW_015090842.1:5825571",29,67,38
"ATMIN","s329_S_VTA_03_ASEReadCounter.table","NW_015090842.1:5825579",29,66,37
"ATMIN","s329_S_VTA_03_ASEReadCounter.table","NW_015090842.1:5825590",24,53,29
"ATMIN","s329_S_VTA_03_ASEReadCounter.table","NW_015090842.1:5825689",33,61,28
"ATMIN","s329_S_VTA_03_ASEReadCounter.table","NW_015090842.1:5825703",38,71,33
"ATMIN","s329_S_VTA_03_ASEReadCounter.table","NW_015090842.1:5825787",40,68,28
"ATMIN","s329_S_VTA_03_ASEReadCounter.table","NW_015090842.1:5825833",38,70,32
"ATMIN","s329_S_VTA_03_ASEReadCounter.table","NW_015090842.1:5825841",28,61,33
"ATMIN","s329_S_VTA_03_ASEReadCounter.table","NW_015090842.1:5825895",31,72,41
"ATMIN","s329_S_VTA_03_ASEReadCounter.table","NW_015090842.1:5825984",26,69,43
"ATMIN","s329_S_VTA_03_ASEReadCounter.table","NW_015090842.1:5826162",32,68,36
"ATMIN","s329_S_VTA_03_ASEReadCounter.table","NW_015090842.1:5826194",36,77,41
"ATMIN","s329_S_VTA_03_ASEReadCounter.table","NW_015090842.1:5826235",37,72,35
"ATMIN","s329_S_VTA_03_ASEReadCounter.table","NW_015090842.1:5826245",36,75,39
"ATMIN","s329_S_VTA_03_ASEReadCounter.table","NW_015090842.1:5826335",26,63,37
"ATMIN","s329_S_VTA_03_ASEReadCounter.table","NW_015090842.1:5826417",21,53,32
"ATMIN","s329_S_VTA_03_ASEReadCounter.table","NW_015090842.1:5826431",13,51,38
"ATMIN","s329_S_VTA_03_ASEReadCounter.table","NW_015090842.1:5826438",15,45,30
"ATMIN","s329_S_VTA_03_ASEReadCounter.table","NW_015090842.1:5826463",31,75,44
"ATMIN","s329_S_VTA_03_ASEReadCounter.table","NW_015090842.1:5826502",39,92,53
"ATMIN","s329_S_VTA_03_ASEReadCounter.table","NW_015090842.1:5826511",40,94,54
"ATMIN","s329_S_VTA_03_ASEReadCounter.table","NW_015090842.1:5826659",44,89,45
"ATMIN","s329_S_VTA_03_ASEReadCounter.table","NW_015090842.1:5826701",52,100,48
"ATMIN","s329_S_VTA_03_ASEReadCounter.table","NW_015090842.1:5826702",53,103,50
"ATMIN","s329_S_VTA_03_ASEReadCounter.table","NW_015090842.1:5826732",39,91,52
"ATMIN","s329_S_VTA_03_ASEReadCounter.table","NW_015090842.1:5826745",46,104,58
"ATMIN","s329_S_VTA_03_ASEReadCounter.table","NW_015090842.1:5826835",45,88,43
"ATMIN","s329_S_VTA_03_ASEReadCounter.table","NW_015090842.1:5826910",49,101,52
"ATMIN","s329_S_VTA_03_ASEReadCounter.table","NW_015090842.1:5826942",22,85,63
"ATMIN","s329_S_VTA_03_ASEReadCounter.table","NW_015090842.1:5827193",51,130,79
"ATMIN","s329_S_VTA_03_ASEReadCounter.table","NW_015090842.1:5827196",50,129,79
"ATMIN","s329_S_VTA_03_ASEReadCounter.table","NW_015090842.1:5827269",54,124,70
"ATMIN","s329_S_VTA_03_ASEReadCounter.table","NW_015090842.1:5827315",35,86,51
"ATMIN","s329_S_VTA_03_ASEReadCounter.table","NW_015090842.1:5827316",34,84,50
"ATMIN","s329_S_VTA_03_ASEReadCounter.table","NW_015090842.1:5827333",39,88,49
"PPP1R3E","s329_S_VTA_03_ASEReadCounter.table","NW_015090842.1:5837733",12,15,3
"PPP1R3E","s329_S_VTA_03_ASEReadCounter.table","NW_015090842.1:5837947",5,7,2
"PKD1L2","s329_S_VTA_03_ASEReadCounter.table","NW_015090842.1:5867509",2,3,1
"PKD1L2","s329_S_VTA_03_ASEReadCounter.table","NW_015090842.1:5867597",2,2,0
"PKD1L2","s329_S_VTA_03_ASEReadCounter.table","NW_015090842.1:5867600",2,2,0
"PKD1L2","s329_S_VTA_03_ASEReadCounter.table","NW_015090842.1:5867660",3,4,1
"PKD1L2","s329_S_VTA_03_ASEReadCounter.table","NW_015090842.1:5867675",4,5,1
"PKD1L2","s329_S_VTA_03_ASEReadCounter.table","NW_015090842.1:5867788",2,2,0
"PKD1L2","s329_S_VTA_03_ASEReadCounter.table","NW_015090842.1:5867843",2,3,1
"BCO1","s329_S_VTA_03_ASEReadCounter.table","NW_015090842.1:5915610",7,7,0
"BCO1","s329_S_VTA_03_ASEReadCounter.table","NW_015090842.1:5915646",4,4,0
"BCO1","s329_S_VTA_03_ASEReadCounter.table","NW_015090842.1:5917836",8,9,1
"BCO1","s329_S_VTA_03_ASEReadCounter.table","NW_015090842.1:5917912",5,7,2
"BCO1","s329_S_VTA_03_ASEReadCounter.table","NW_015090842.1:5917941",4,10,6
"BCO1","s329_S_VTA_03_ASEReadCounter.table","NW_015090842.1:5917971",7,15,8
"BCO1","s329_S_VTA_03_ASEReadCounter.table","NW_015090842.1:5921679",12,20,8
"BCO1","s329_S_VTA_03_ASEReadCounter.table","NW_015090842.1:5921726",15,22,7
"BCO1","s329_S_VTA_03_ASEReadCounter.table","NW_015090842.1:5925669",3,6,3
"BCO1","s329_S_VTA_03_ASEReadCounter.table","NW_015090842.1:5925753",8,15,7
"BCO1","s329_S_VTA_03_ASEReadCounter.table","NW_015090842.1:5926937",9,17,8
"BCO1","s329_S_VTA_03_ASEReadCounter.table","NW_015090842.1:5927921",13,18,5
"BCO1","s329_S_VTA_03_ASEReadCounter.table","NW_015090842.1:5927948",12,18,6
"BCO1","s329_S_VTA_03_ASEReadCounter.table","NW_015090842.1:5927968",14,20,6
"BCO1","s329_S_VTA_03_ASEReadCounter.table","NW_015090842.1:5928052",12,16,4
"BCO1","s329_S_VTA_03_ASEReadCounter.table","NW_015090842.1:5932726",20,36,16
"BCO1","s329_S_VTA_03_ASEReadCounter.table","NW_015090842.1:5932801",19,29,10
"BCO1","s329_S_VTA_03_ASEReadCounter.table","NW_015090842.1:5934558",14,25,11
"BCO1","s329_S_VTA_03_ASEReadCounter.table","NW_015090842.1:5934575",15,27,12
"BCO1","s329_S_VTA_03_ASEReadCounter.table","NW_015090842.1:5934608",22,35,13
"BCO1","s329_S_VTA_03_ASEReadCounter.table","NW_015090842.1:5934647",20,30,10
"BCO1","s329_S_VTA_03_ASEReadCounter.table","NW_015090842.1:5934725",14,19,5
"BCO1","s329_S_VTA_03_ASEReadCounter.table","NW_015090842.1:5934726",14,19,5
"BCO1","s329_S_VTA_03_ASEReadCounter.table","NW_015090842.1:5934733",14,16,2
"BCO1","s329_S_VTA_03_ASEReadCounter.table","NW_015090842.1:5934821",13,23,10
"BCO1","s329_S_VTA_03_ASEReadCounter.table","NW_015090842.1:5934826",11,21,10
"BCO1","s329_S_VTA_03_ASEReadCounter.table","NW_015090842.1:5934844",6,11,5
"BCO1","s329_S_VTA_03_ASEReadCounter.table","NW_015090842.1:5934958",9,17,8
"BCO1","s329_S_VTA_03_ASEReadCounter.table","NW_015090842.1:5934976",8,14,6
"GAN","s329_S_VTA_03_ASEReadCounter.table","NW_015090842.1:5953759",9,26,17
"GAN","s329_S_VTA_03_ASEReadCounter.table","NW_015090842.1:5957502",16,28,12
"GAN","s329_S_VTA_03_ASEReadCounter.table","NW_015090842.1:5957578",16,33,17
"GAN","s329_S_VTA_03_ASEReadCounter.table","NW_015090842.1:5965028",19,41,22
"GAN","s329_S_VTA_03_ASEReadCounter.table","NW_015090842.1:5966047",19,42,23
"GAN","s329_S_VTA_03_ASEReadCounter.table","NW_015090842.1:5966126",14,34,20
"GAN","s329_S_VTA_03_ASEReadCounter.table","NW_015090842.1:5966127",14,32,18
"GAN","s329_S_VTA_03_ASEReadCounter.table","NW_015090842.1:5966162",21,44,23
"GAN","s329_S_VTA_03_ASEReadCounter.table","NW_015090842.1:5966483",25,56,31
"CMIP","s329_S_VTA_03_ASEReadCounter.table","NW_015090842.1:6109159",49,77,28
"CMIP","s329_S_VTA_03_ASEReadCounter.table","NW_015090842.1:6109166",47,72,25
"CMIP","s329_S_VTA_03_ASEReadCounter.table","NW_015090842.1:6114641",53,99,46
"CMIP","s329_S_VTA_03_ASEReadCounter.table","NW_015090842.1:6114751",53,92,39
"CMIP","s329_S_VTA_03_ASEReadCounter.table","NW_015090842.1:6114824",40,90,50
"CMIP","s329_S_VTA_03_ASEReadCounter.table","NW_015090842.1:6128998",55,107,52
"CMIP","s329_S_VTA_03_ASEReadCounter.table","NW_015090842.1:6130562",100,196,96
"CMIP","s329_S_VTA_03_ASEReadCounter.table","NW_015090842.1:6132522",86,159,73
"CMIP","s329_S_VTA_03_ASEReadCounter.table","NW_015090842.1:6134088",82,161,79
"CMIP","s329_S_VTA_03_ASEReadCounter.table","NW_015090842.1:6138265",109,232,123
"CMIP","s329_S_VTA_03_ASEReadCounter.table","NW_015090842.1:6138300",122,243,121
"CMIP","s329_S_VTA_03_ASEReadCounter.table","NW_015090842.1:6138342",101,216,115
"CMIP","s329_S_VTA_03_ASEReadCounter.table","NW_015090842.1:6138343",101,213,112
"CMIP","s329_S_VTA_03_ASEReadCounter.table","NW_015090842.1:6138345",101,219,118
"CMIP","s329_S_VTA_03_ASEReadCounter.table","NW_015090842.1:6138647",100,215,115
"CMIP","s329_S_VTA_03_ASEReadCounter.table","NW_015090842.1:6138745",117,233,116
"CMIP","s329_S_VTA_03_ASEReadCounter.table","NW_015090842.1:6138832",14,64,50
"CMIP","s329_S_VTA_03_ASEReadCounter.table","NW_015090842.1:6138967",91,198,107
"CMIP","s329_S_VTA_03_ASEReadCounter.table","NW_015090842.1:6139131",60,120,60
"CMIP","s329_S_VTA_03_ASEReadCounter.table","NW_015090842.1:6139163",22,82,60
"CMIP","s329_S_VTA_03_ASEReadCounter.table","NW_015090842.1:6139360",45,79,34
"CMIP","s329_S_VTA_03_ASEReadCounter.table","NW_015090842.1:6139572",21,39,18
"CMIP","s329_S_VTA_03_ASEReadCounter.table","NW_015090842.1:6139773",91,91,0
"PLCG2","s329_S_VTA_03_ASEReadCounter.table","NW_015090842.1:6179613",3,12,9
"PLCG2","s329_S_VTA_03_ASEReadCounter.table","NW_015090842.1:6179658",3,10,7
"PLCG2","s329_S_VTA_03_ASEReadCounter.table","NW_015090842.1:6203766",0,7,7
"PLCG2","s329_S_VTA_03_ASEReadCounter.table","NW_015090842.1:6203775",0,7,7
"PLCG2","s329_S_VTA_03_ASEReadCounter.table","NW_015090842.1:6203787",0,5,5
"PLCG2","s329_S_VTA_03_ASEReadCounter.table","NW_015090842.1:6205047",1,12,11
"PLCG2","s329_S_VTA_03_ASEReadCounter.table","NW_015090842.1:6208541",0,8,8
"PLCG2","s329_S_VTA_03_ASEReadCounter.table","NW_015090842.1:6209741",0,9,9
"PLCG2","s329_S_VTA_03_ASEReadCounter.table","NW_015090842.1:6209798",4,10,6
"PLCG2","s329_S_VTA_03_ASEReadCounter.table","NW_015090842.1:6209816",4,9,5
"PLCG2","s329_S_VTA_03_ASEReadCounter.table","NW_015090842.1:6217547",1,13,12
"PLCG2","s329_S_VTA_03_ASEReadCounter.table","NW_015090842.1:6218641",2,11,9
"PLCG2","s329_S_VTA_03_ASEReadCounter.table","NW_015090842.1:6220552",4,19,15
"PLCG2","s329_S_VTA_03_ASEReadCounter.table","NW_015090842.1:6221969",6,14,8
"PLCG2","s329_S_VTA_03_ASEReadCounter.table","NW_015090842.1:6228672",1,13,12
"PLCG2","s329_S_VTA_03_ASEReadCounter.table","NW_015090842.1:6228694",2,13,11
"PLCG2","s329_S_VTA_03_ASEReadCounter.table","NW_015090842.1:6228722",3,19,16
"PLCG2","s329_S_VTA_03_ASEReadCounter.table","NW_015090842.1:6228747",3,18,15
"PLCG2","s329_S_VTA_03_ASEReadCounter.table","NW_015090842.1:6228835",3,15,12
"PLCG2","s329_S_VTA_03_ASEReadCounter.table","NW_015090842.1:6228841",3,15,12
"PLCG2","s329_S_VTA_03_ASEReadCounter.table","NW_015090842.1:6228865",3,15,12
"PLCG2","s329_S_VTA_03_ASEReadCounter.table","NW_015090842.1:6228917",1,14,13
"PLCG2","s329_S_VTA_03_ASEReadCounter.table","NW_015090842.1:6228926",1,16,15
"PLCG2","s329_S_VTA_03_ASEReadCounter.table","NW_015090842.1:6228954",1,10,9
"PLCG2","s329_S_VTA_03_ASEReadCounter.table","NW_015090842.1:6229002",1,15,14
"PLCG2","s329_S_VTA_03_ASEReadCounter.table","NW_015090842.1:6229006",1,14,13
"PLCG2","s329_S_VTA_03_ASEReadCounter.table","NW_015090842.1:6229081",2,13,11
"PLCG2","s329_S_VTA_03_ASEReadCounter.table","NW_015090842.1:6229097",3,8,5
"PLCG2","s329_S_VTA_03_ASEReadCounter.table","NW_015090842.1:6229160",2,9,7
"PLCG2","s329_S_VTA_03_ASEReadCounter.table","NW_015090842.1:6229213",3,9,6
"PLCG2","s329_S_VTA_03_ASEReadCounter.table","NW_015090842.1:6229231",4,12,8
"PLCG2","s329_S_VTA_03_ASEReadCounter.table","NW_015090842.1:6229663",3,10,7
"PLCG2","s329_S_VTA_03_ASEReadCounter.table","NW_015090842.1:6229748",6,14,8
"PLCG2","s329_S_VTA_03_ASEReadCounter.table","NW_015090842.1:6229892",3,9,6
"PLCG2","s329_S_VTA_03_ASEReadCounter.table","NW_015090842.1:6230248",3,12,9
"PLCG2","s329_S_VTA_03_ASEReadCounter.table","NW_015090842.1:6230255",3,11,8
"PLCG2","s329_S_VTA_03_ASEReadCounter.table","NW_015090842.1:6230296",2,13,11
"PLCG2","s329_S_VTA_03_ASEReadCounter.table","NW_015090842.1:6230349",2,12,10
"PLCG2","s329_S_VTA_03_ASEReadCounter.table","NW_015090842.1:6230381",1,9,8
"PLCG2","s329_S_VTA_03_ASEReadCounter.table","NW_015090842.1:6230408",2,11,9
"PLCG2","s329_S_VTA_03_ASEReadCounter.table","NW_015090842.1:6230439",1,9,8
"PLCG2","s329_S_VTA_03_ASEReadCounter.table","NW_015090842.1:6230757",0,5,5
"PLCG2","s329_S_VTA_03_ASEReadCounter.table","NW_015090842.1:6230758",0,6,6
"PLCG2","s329_S_VTA_03_ASEReadCounter.table","NW_015090842.1:6230898",6,13,7
"PLCG2","s329_S_VTA_03_ASEReadCounter.table","NW_015090842.1:6230976",5,9,4
"PLCG2","s329_S_VTA_03_ASEReadCounter.table","NW_015090842.1:6231078",5,10,5
"PLCG2","s329_S_VTA_03_ASEReadCounter.table","NW_015090842.1:6231138",5,12,7
"PLCG2","s329_S_VTA_03_ASEReadCounter.table","NW_015090842.1:6231177",5,11,6
"PLCG2","s329_S_VTA_03_ASEReadCounter.table","NW_015090842.1:6231263",3,7,4
"PLCG2","s329_S_VTA_03_ASEReadCounter.table","NW_015090842.1:6231309",2,3,1
"SDR42E1","s329_S_VTA_03_ASEReadCounter.table","NW_015090842.1:6235292",0,16,16
"SDR42E1","s329_S_VTA_03_ASEReadCounter.table","NW_015090842.1:6235315",0,18,18
"SDR42E1","s329_S_VTA_03_ASEReadCounter.table","NW_015090842.1:6235348",1,18,17
"SDR42E1","s329_S_VTA_03_ASEReadCounter.table","NW_015090842.1:6235355",1,16,15
"SDR42E1","s329_S_VTA_03_ASEReadCounter.table","NW_015090842.1:6235417",2,12,10
"SDR42E1","s329_S_VTA_03_ASEReadCounter.table","NW_015090842.1:6235526",13,18,5
"SDR42E1","s329_S_VTA_03_ASEReadCounter.table","NW_015090842.1:6235558",3,13,10
"SDR42E1","s329_S_VTA_03_ASEReadCounter.table","NW_015090842.1:6235603",8,13,5
"SDR42E1","s329_S_VTA_03_ASEReadCounter.table","NW_015090842.1:6235741",5,25,20
"SDR42E1","s329_S_VTA_03_ASEReadCounter.table","NW_015090842.1:6235777",6,27,21
"SDR42E1","s329_S_VTA_03_ASEReadCounter.table","NW_015090842.1:6235806",6,33,27
"SDR42E1","s329_S_VTA_03_ASEReadCounter.table","NW_015090842.1:6235809",7,34,27
"SDR42E1","s329_S_VTA_03_ASEReadCounter.table","NW_015090842.1:6235816",7,31,24
"SDR42E1","s329_S_VTA_03_ASEReadCounter.table","NW_015090842.1:6235914",5,20,15
"SDR42E1","s329_S_VTA_03_ASEReadCounter.table","NW_015090842.1:6235935",4,18,14
"SDR42E1","s329_S_VTA_03_ASEReadCounter.table","NW_015090842.1:6235957",4,16,12
"SDR42E1","s329_S_VTA_03_ASEReadCounter.table","NW_015090842.1:6236040",2,25,23
"SDR42E1","s329_S_VTA_03_ASEReadCounter.table","NW_015090842.1:6236260",2,18,16
"SDR42E1","s329_S_VTA_03_ASEReadCounter.table","NW_015090842.1:6236281",2,17,15
"SDR42E1","s329_S_VTA_03_ASEReadCounter.table","NW_015090842.1:6236305",1,22,21
"SDR42E1","s329_S_VTA_03_ASEReadCounter.table","NW_015090842.1:6236458",3,20,17
"SDR42E1","s329_S_VTA_03_ASEReadCounter.table","NW_015090842.1:6236476",4,19,15
"SDR42E1","s329_S_VTA_03_ASEReadCounter.table","NW_015090842.1:6236608",3,25,22
"SDR42E1","s329_S_VTA_03_ASEReadCounter.table","NW_015090842.1:6238244",3,11,8
"SDR42E1","s329_S_VTA_03_ASEReadCounter.table","NW_015090842.1:6238829",1,5,4
"HSD17B2","s329_S_VTA_03_ASEReadCounter.table","NW_015090842.1:6257829",0,1,1
"HSD17B2","s329_S_VTA_03_ASEReadCounter.table","NW_015090842.1:6262951",0,3,3
"HSD17B2","s329_S_VTA_03_ASEReadCounter.table","NW_015090842.1:6262974",0,4,4
"HSD17B2","s329_S_VTA_03_ASEReadCounter.table","NW_015090842.1:6266125",0,2,2
"HSD17B2","s329_S_VTA_03_ASEReadCounter.table","NW_015090842.1:6266135",0,2,2
"HSD17B2","s329_S_VTA_03_ASEReadCounter.table","NW_015090842.1:6266795",0,1,1
"HSD17B2","s329_S_VTA_03_ASEReadCounter.table","NW_015090842.1:6266918",0,3,3
"HSD17B2","s329_S_VTA_03_ASEReadCounter.table","NW_015090842.1:6266944",0,3,3
"HSD17B2","s329_S_VTA_03_ASEReadCounter.table","NW_015090842.1:6266997",0,2,2
"HSD17B2","s329_S_VTA_03_ASEReadCounter.table","NW_015090842.1:6267053",0,1,1
"HSD17B2","s329_S_VTA_03_ASEReadCounter.table","NW_015090842.1:6267273",0,1,1
"HSD17B2","s329_S_VTA_03_ASEReadCounter.table","NW_015090842.1:6267358",0,2,2
"ARY2","s329_S_VTA_03_ASEReadCounter.table","NW_015090842.1:6303922",29,44,15
"ARY2","s329_S_VTA_03_ASEReadCounter.table","NW_015090842.1:6303954",35,50,15
"ARY2","s329_S_VTA_03_ASEReadCounter.table","NW_015090842.1:6303979",43,58,15
"ARY2","s329_S_VTA_03_ASEReadCounter.table","NW_015090842.1:6305848",39,59,20
"ARY2","s329_S_VTA_03_ASEReadCounter.table","NW_015090842.1:6305856",38,54,16
"ARY2","s329_S_VTA_03_ASEReadCounter.table","NW_015090842.1:6305857",38,55,17
"ARY2","s329_S_VTA_03_ASEReadCounter.table","NW_015090842.1:6306017",24,45,21
"ARY2","s329_S_VTA_03_ASEReadCounter.table","NW_015090842.1:6306052",31,53,22
"ARY2","s329_S_VTA_03_ASEReadCounter.table","NW_015090842.1:6306094",35,62,27
"ARY2","s329_S_VTA_03_ASEReadCounter.table","NW_015090842.1:6306100",35,62,27
"ARY2","s329_S_VTA_03_ASEReadCounter.table","NW_015090842.1:6306146",32,54,22
"ARY2","s329_S_VTA_03_ASEReadCounter.table","NW_015090842.1:6306147",32,52,20
"ARY2","s329_S_VTA_03_ASEReadCounter.table","NW_015090842.1:6306390",28,40,12
"ARY2","s329_S_VTA_03_ASEReadCounter.table","NW_015090842.1:6306567",27,43,16
"ARY2","s329_S_VTA_03_ASEReadCounter.table","NW_015090842.1:6306705",28,38,10
"ARY2","s329_S_VTA_03_ASEReadCounter.table","NW_015090842.1:6306713",10,39,29
"ARY2","s329_S_VTA_03_ASEReadCounter.table","NW_015090842.1:6306773",36,50,14
"ARY2","s329_S_VTA_03_ASEReadCounter.table","NW_015090842.1:6307039",31,40,9
"ARY2","s329_S_VTA_03_ASEReadCounter.table","NW_015090842.1:6307043",32,41,9
"ARY2","s329_S_VTA_03_ASEReadCounter.table","NW_015090842.1:6307093",30,43,13
"ARY2","s329_S_VTA_03_ASEReadCounter.table","NW_015090842.1:6307138",27,42,15
"ARY2","s329_S_VTA_03_ASEReadCounter.table","NW_015090842.1:6307157",30,45,15
"ARY2","s329_S_VTA_03_ASEReadCounter.table","NW_015090842.1:6307187",39,52,13
"ARY2","s329_S_VTA_03_ASEReadCounter.table","NW_015090842.1:6307278",31,47,16
"ARY2","s329_S_VTA_03_ASEReadCounter.table","NW_015090842.1:6307305",32,47,15
"ARY2","s329_S_VTA_03_ASEReadCounter.table","NW_015090842.1:6307318",33,48,15
"ARY2","s329_S_VTA_03_ASEReadCounter.table","NW_015090842.1:6307429",40,56,16
"ARY2","s329_S_VTA_03_ASEReadCounter.table","NW_015090842.1:6307487",41,60,19
"ARY2","s329_S_VTA_03_ASEReadCounter.table","NW_015090842.1:6307670",26,32,6
"ARYL","s329_S_VTA_03_ASEReadCounter.table","NW_015090842.1:6313360",6,9,3
"ARYL","s329_S_VTA_03_ASEReadCounter.table","NW_015090842.1:6313377",4,7,3
"ARYL","s329_S_VTA_03_ASEReadCounter.table","NW_015090842.1:6313767",4,8,4
"ARY1","s329_S_VTA_03_ASEReadCounter.table","NW_015090842.1:6313909",7,13,6
"ARY1","s329_S_VTA_03_ASEReadCounter.table","NW_015090842.1:6314296",5,11,6
"ARY1","s329_S_VTA_03_ASEReadCounter.table","NW_015090842.1:6314541",6,9,3
"ARY1","s329_S_VTA_03_ASEReadCounter.table","NW_015090842.1:6314597",7,12,5
"ARY1","s329_S_VTA_03_ASEReadCounter.table","NW_015090842.1:6314750",7,9,2
"ARY1","s329_S_VTA_03_ASEReadCounter.table","NW_015090842.1:6314794",7,10,3
"ARY1","s329_S_VTA_03_ASEReadCounter.table","NW_015090842.1:6314827",7,9,2
"ARY1","s329_S_VTA_03_ASEReadCounter.table","NW_015090842.1:6314843",7,10,3
"ARY1","s329_S_VTA_03_ASEReadCounter.table","NW_015090842.1:6314859",8,11,3
"ARY1","s329_S_VTA_03_ASEReadCounter.table","NW_015090842.1:6314886",5,6,1
"ARY1","s329_S_VTA_03_ASEReadCounter.table","NW_015090842.1:6314943",1,8,7
"ARY1","s329_S_VTA_03_ASEReadCounter.table","NW_015090842.1:6314949",6,6,0
"ARY1","s329_S_VTA_03_ASEReadCounter.table","NW_015090842.1:6315022",9,13,4
"ARY1","s329_S_VTA_03_ASEReadCounter.table","NW_015090842.1:6315026",8,11,3
"ARY1","s329_S_VTA_03_ASEReadCounter.table","NW_015090842.1:6315043",8,11,3
"ARY1","s329_S_VTA_03_ASEReadCounter.table","NW_015090842.1:6315065",11,15,4
"ARY1","s329_S_VTA_03_ASEReadCounter.table","NW_015090842.1:6315409",4,6,2
"ARY1","s329_S_VTA_03_ASEReadCounter.table","NW_015090842.1:6315479",8,12,4
"ARY1","s329_S_VTA_03_ASEReadCounter.table","NW_015090842.1:6318342",9,19,10
"ARY1","s329_S_VTA_03_ASEReadCounter.table","NW_015090842.1:6318427",14,28,14
"ARY1","s329_S_VTA_03_ASEReadCounter.table","NW_015090842.1:6318603",11,19,8
"ARY1","s329_S_VTA_03_ASEReadCounter.table","NW_015090842.1:6318708",15,20,5
"ARY1","s329_S_VTA_03_ASEReadCounter.table","NW_015090842.1:6318858",10,15,5
"ARY1","s329_S_VTA_03_ASEReadCounter.table","NW_015090842.1:6318952",16,22,6
"MPHOSPH6","s329_S_VTA_03_ASEReadCounter.table","NW_015090842.1:6324063",40,95,55
"MPHOSPH6","s329_S_VTA_03_ASEReadCounter.table","NW_015090842.1:6324174",75,182,107
"MPHOSPH6","s329_S_VTA_03_ASEReadCounter.table","NW_015090842.1:6324270",109,222,113
"MPHOSPH6","s329_S_VTA_03_ASEReadCounter.table","NW_015090842.1:6324762",92,194,102
"MPHOSPH6","s329_S_VTA_03_ASEReadCounter.table","NW_015090842.1:6324772",87,184,97
"MPHOSPH6","s329_S_VTA_03_ASEReadCounter.table","NW_015090842.1:6324780",82,171,89
"MPHOSPH6","s329_S_VTA_03_ASEReadCounter.table","NW_015090842.1:6324902",92,189,97
"MPHOSPH6","s329_S_VTA_03_ASEReadCounter.table","NW_015090842.1:6324910",92,188,96
"MPHOSPH6","s329_S_VTA_03_ASEReadCounter.table","NW_015090842.1:6325066",87,189,102
"MPHOSPH6","s329_S_VTA_03_ASEReadCounter.table","NW_015090842.1:6325089",98,220,122
"MPHOSPH6","s329_S_VTA_03_ASEReadCounter.table","NW_015090842.1:6325298",113,233,120
"MPHOSPH6","s329_S_VTA_03_ASEReadCounter.table","NW_015090842.1:6325877",87,208,121
"MPHOSPH6","s329_S_VTA_03_ASEReadCounter.table","NW_015090842.1:6326976",56,134,78
"CDH13","s329_S_VTA_03_ASEReadCounter.table","NW_015090842.1:6662283",28,54,26
"CDH13","s329_S_VTA_03_ASEReadCounter.table","NW_015090842.1:6693665",19,41,22
"CDH13","s329_S_VTA_03_ASEReadCounter.table","NW_015090842.1:6693697",20,38,18
"CDH13","s329_S_VTA_03_ASEReadCounter.table","NW_015090842.1:6693712",18,34,16
"CDH13","s329_S_VTA_03_ASEReadCounter.table","NW_015090842.1:6693723",18,36,18
"CDH13","s329_S_VTA_03_ASEReadCounter.table","NW_015090842.1:6693738",0,38,38
"CDH13","s329_S_VTA_03_ASEReadCounter.table","NW_015090842.1:6823730",29,70,41
"CDH13","s329_S_VTA_03_ASEReadCounter.table","NW_015090842.1:6889713",37,71,34
"CDH13","s329_S_VTA_03_ASEReadCounter.table","NW_015090842.1:6955167",50,102,52
"MLYCD","s329_S_VTA_03_ASEReadCounter.table","NW_015090842.1:7150054",41,103,62
"MLYCD","s329_S_VTA_03_ASEReadCounter.table","NW_015090842.1:7150131",87,195,108
"MLYCD","s329_S_VTA_03_ASEReadCounter.table","NW_015090842.1:7150585",87,166,79
"MLYCD","s329_S_VTA_03_ASEReadCounter.table","NW_015090842.1:7150686",62,118,56
"MLYCD","s329_S_VTA_03_ASEReadCounter.table","NW_015090842.1:7150696",72,135,63
"MLYCD","s329_S_VTA_03_ASEReadCounter.table","NW_015090842.1:7150698",137,137,0
"MLYCD","s329_S_VTA_03_ASEReadCounter.table","NW_015090842.1:7150869",55,126,71
"MLYCD","s329_S_VTA_03_ASEReadCounter.table","NW_015090842.1:7151100",55,125,70
"MLYCD","s329_S_VTA_03_ASEReadCounter.table","NW_015090842.1:7151127",52,118,66
"MLYCD","s329_S_VTA_03_ASEReadCounter.table","NW_015090842.1:7157538",50,104,54
"MLYCD","s329_S_VTA_03_ASEReadCounter.table","NW_015090842.1:7167662",19,53,34
"MLYCD","s329_S_VTA_03_ASEReadCounter.table","NW_015090842.1:7167675",20,48,28
"MLYCD","s329_S_VTA_03_ASEReadCounter.table","NW_015090842.1:7167710",21,48,27
"MLYCD","s329_S_VTA_03_ASEReadCounter.table","NW_015090842.1:7167781",20,42,22
"MLYCD","s329_S_VTA_03_ASEReadCounter.table","NW_015090842.1:7167803",17,34,17
"MLYCD","s329_S_VTA_03_ASEReadCounter.table","NW_015090842.1:7167812",19,37,18
"MLYCD","s329_S_VTA_03_ASEReadCounter.table","NW_015090842.1:7167845",17,38,21
"MLYCD","s329_S_VTA_03_ASEReadCounter.table","NW_015090842.1:7167862",14,34,20
"MLYCD","s329_S_VTA_03_ASEReadCounter.table","NW_015090842.1:7167929",11,24,13
"MLYCD","s329_S_VTA_03_ASEReadCounter.table","NW_015090842.1:7167995",11,20,9
"MLYCD","s329_S_VTA_03_ASEReadCounter.table","NW_015090842.1:7168005",10,20,10
"MLYCD","s329_S_VTA_03_ASEReadCounter.table","NW_015090842.1:7168037",12,21,9
"HSBP1","s329_S_VTA_03_ASEReadCounter.table","NW_015090842.1:7245192",340,538,198
"HSBP1","s329_S_VTA_03_ASEReadCounter.table","NW_015090842.1:7245226",383,668,285
"HSBP1","s329_S_VTA_03_ASEReadCounter.table","NW_015090842.1:7245257",335,575,240
"HSBP1","s329_S_VTA_03_ASEReadCounter.table","NW_015090842.1:7245296",316,587,271
"HSBP1","s329_S_VTA_03_ASEReadCounter.table","NW_015090842.1:7245389",428,755,327
"HSBP1","s329_S_VTA_03_ASEReadCounter.table","NW_015090842.1:7245400",434,730,296
"HSBP1","s329_S_VTA_03_ASEReadCounter.table","NW_015090842.1:7245445",410,685,275
"HSBP1","s329_S_VTA_03_ASEReadCounter.table","NW_015090842.1:7245495",350,602,252
"HSBP1","s329_S_VTA_03_ASEReadCounter.table","NW_015090842.1:7245515",405,688,283
"HSBP1","s329_S_VTA_03_ASEReadCounter.table","NW_015090842.1:7245733",283,530,247
"HSBP1","s329_S_VTA_03_ASEReadCounter.table","NW_015090842.1:7245771",291,522,231
"HSBP1","s329_S_VTA_03_ASEReadCounter.table","NW_015090842.1:7245813",275,482,207
"HSBP1","s329_S_VTA_03_ASEReadCounter.table","NW_015090842.1:7245926",308,543,235
"HSBP1","s329_S_VTA_03_ASEReadCounter.table","NW_015090842.1:7245927",312,545,233
"HSBP1","s329_S_VTA_03_ASEReadCounter.table","NW_015090842.1:7245933",322,546,224
"HSBP1","s329_S_VTA_03_ASEReadCounter.table","NW_015090842.1:7246002",225,441,216
"HSBP1","s329_S_VTA_03_ASEReadCounter.table","NW_015090842.1:7246094",325,528,203
"HSBP1","s329_S_VTA_03_ASEReadCounter.table","NW_015090842.1:7246167",333,551,218
"HSBP1","s329_S_VTA_03_ASEReadCounter.table","NW_015090842.1:7246183",319,531,212
"HSBP1","s329_S_VTA_03_ASEReadCounter.table","NW_015090842.1:7247285",48,68,20
"HSBP1","s329_S_VTA_03_ASEReadCounter.table","NW_015090842.1:7247651",398,758,360
"HSBP1","s329_S_VTA_03_ASEReadCounter.table","NW_015090842.1:7247657",396,766,370
"HSBP1","s329_S_VTA_03_ASEReadCounter.table","NW_015090842.1:7248520",261,475,214
"HSBP1","s329_S_VTA_03_ASEReadCounter.table","NW_015090842.1:7248535",211,389,178
"KCNG4","s329_S_VTA_03_ASEReadCounter.table","NW_015090842.1:7282481",5,11,6
"KCNG4","s329_S_VTA_03_ASEReadCounter.table","NW_015090842.1:7282500",5,11,6
"KCNG4","s329_S_VTA_03_ASEReadCounter.table","NW_015090842.1:7282542",3,10,7
"KCNG4","s329_S_VTA_03_ASEReadCounter.table","NW_015090842.1:7282579",3,10,7
"KCNG4","s329_S_VTA_03_ASEReadCounter.table","NW_015090842.1:7282630",2,9,7
"KCNG4","s329_S_VTA_03_ASEReadCounter.table","NW_015090842.1:7282760",7,16,9
"KCNG4","s329_S_VTA_03_ASEReadCounter.table","NW_015090842.1:7283056",3,6,3
"KCNG4","s329_S_VTA_03_ASEReadCounter.table","NW_015090842.1:7283245",2,5,3
"KCNG4","s329_S_VTA_03_ASEReadCounter.table","NW_015090842.1:7299491",5,10,5
"KCNG4","s329_S_VTA_03_ASEReadCounter.table","NW_015090842.1:7301195",1,5,4
"KCNG4","s329_S_VTA_03_ASEReadCounter.table","NW_015090842.1:7301227",2,5,3
"KCNG4","s329_S_VTA_03_ASEReadCounter.table","NW_015090842.1:7301240",2,5,3
"KCNG4","s329_S_VTA_03_ASEReadCounter.table","NW_015090842.1:7301413",4,5,1
"WFDC1","s329_S_VTA_03_ASEReadCounter.table","NW_015090842.1:7366517",8,8,0
"ATP2C2","s329_S_VTA_03_ASEReadCounter.table","NW_015090842.1:7413747",1,7,6
"TLDC1","s329_S_VTA_03_ASEReadCounter.table","NW_015090842.1:7421997",47,99,52
"COTL1","s329_S_VTA_03_ASEReadCounter.table","NW_015090842.1:7490707",555,1087,532
"COTL1","s329_S_VTA_03_ASEReadCounter.table","NW_015090842.1:7490708",553,1088,535
"COTL1","s329_S_VTA_03_ASEReadCounter.table","NW_015090842.1:7490711",567,1102,535
"COTL1","s329_S_VTA_03_ASEReadCounter.table","NW_015090842.1:7490739",514,1040,526
"COTL1","s329_S_VTA_03_ASEReadCounter.table","NW_015090842.1:7490785",523,1031,508
"COTL1","s329_S_VTA_03_ASEReadCounter.table","NW_015090842.1:7490820",54,661,607
"COTL1","s329_S_VTA_03_ASEReadCounter.table","NW_015090842.1:7490846",528,1028,500
"COTL1","s329_S_VTA_03_ASEReadCounter.table","NW_015090842.1:7505571",2,4,2
"COTL1","s329_S_VTA_03_ASEReadCounter.table","NW_015090842.1:7505672",3,4,1
"KLHL36","s329_S_VTA_03_ASEReadCounter.table","NW_015090842.1:7526337",77,77,0
"KLHL36","s329_S_VTA_03_ASEReadCounter.table","NW_015090842.1:7537681",75,162,87
"USP10","s329_S_VTA_03_ASEReadCounter.table","NW_015090842.1:7572213",49,113,64
"USP10","s329_S_VTA_03_ASEReadCounter.table","NW_015090842.1:7572358",103,103,0
"CRISPLD2","s329_S_VTA_03_ASEReadCounter.table","NW_015090842.1:7619796",3,8,5
"CRISPLD2","s329_S_VTA_03_ASEReadCounter.table","NW_015090842.1:7630779",13,13,0
"CRISPLD2","s329_S_VTA_03_ASEReadCounter.table","NW_015090842.1:7633611",12,22,10
"CRISPLD2","s329_S_VTA_03_ASEReadCounter.table","NW_015090842.1:7633787",8,17,9
"CRISPLD2","s329_S_VTA_03_ASEReadCounter.table","NW_015090842.1:7634023",12,19,7
"CRISPLD2","s329_S_VTA_03_ASEReadCounter.table","NW_015090842.1:7634620",24,24,0
"CRISPLD2","s329_S_VTA_03_ASEReadCounter.table","NW_015090842.1:7636315",2,4,2
"LOC106888312","s329_S_VTA_03_ASEReadCounter.table","NW_015090842.1:7732198",0,2,2
"MTHFSD","s329_S_VTA_03_ASEReadCounter.table","NW_015090842.1:8152578",19,32,13
"DUSP15","s329_S_VTA_03_ASEReadCounter.table","NW_015090842.1:8422840",1,3,2
"DUSP15","s329_S_VTA_03_ASEReadCounter.table","NW_015090842.1:8427711",0,2,2
"DUSP15","s329_S_VTA_03_ASEReadCounter.table","NW_015090842.1:8431988",0,4,4
"EMC8","s329_S_VTA_03_ASEReadCounter.table","NW_015090842.1:8452385",21,50,29
"GINS2","s329_S_VTA_03_ASEReadCounter.table","NW_015090842.1:8467469",17,33,16
"GINS2","s329_S_VTA_03_ASEReadCounter.table","NW_015090842.1:8470290",0,91,91
"GINS2","s329_S_VTA_03_ASEReadCounter.table","NW_015090842.1:8470305",0,86,86
"GINS2","s329_S_VTA_03_ASEReadCounter.table","NW_015090842.1:8470376",0,85,85
"GINS2","s329_S_VTA_03_ASEReadCounter.table","NW_015090842.1:8471057",0,8,8
"GSE1","s329_S_VTA_03_ASEReadCounter.table","NW_015090842.1:8483570",1,19,18
"KIAA0513","s329_S_VTA_03_ASEReadCounter.table","NW_015090842.1:8674736",98,236,138
"KIAA0513","s329_S_VTA_03_ASEReadCounter.table","NW_015090842.1:8687268",0,5,5
"KIAA0513","s329_S_VTA_03_ASEReadCounter.table","NW_015090842.1:8693655",11,21,10
"ZCCHC14","s329_S_VTA_03_ASEReadCounter.table","NW_015090842.1:8750189",51,78,27
"JPH3","s329_S_VTA_03_ASEReadCounter.table","NW_015090842.1:8872294",45,108,63
"KLHDC4","s329_S_VTA_03_ASEReadCounter.table","NW_015090842.1:8891175",77,180,103
"KLHDC4","s329_S_VTA_03_ASEReadCounter.table","NW_015090842.1:8905251",0,73,73
"KLHDC4","s329_S_VTA_03_ASEReadCounter.table","NW_015090842.1:8919630",5,13,8
"SLC7A5","s329_S_VTA_03_ASEReadCounter.table","NW_015090842.1:8940382",137,266,129
"SLC7A5","s329_S_VTA_03_ASEReadCounter.table","NW_015090842.1:8941818",125,252,127
"SLC7A5","s329_S_VTA_03_ASEReadCounter.table","NW_015090842.1:8944655",72,147,75
"CA5A","s329_S_VTA_03_ASEReadCounter.table","NW_015090842.1:8989479",101,196,95
"CA5A","s329_S_VTA_03_ASEReadCounter.table","NW_015090842.1:8989562",128,236,108
"CA5A","s329_S_VTA_03_ASEReadCounter.table","NW_015090842.1:8989609",137,248,111
"CA5A","s329_S_VTA_03_ASEReadCounter.table","NW_015090842.1:8989693",154,303,149
"CA5A","s329_S_VTA_03_ASEReadCounter.table","NW_015090842.1:8989702",156,307,151
"CA5A","s329_S_VTA_03_ASEReadCounter.table","NW_015090842.1:8989746",171,331,160
"CA5A","s329_S_VTA_03_ASEReadCounter.table","NW_015090842.1:8989880",118,282,164
"CA5A","s329_S_VTA_03_ASEReadCounter.table","NW_015090842.1:8989885",130,296,166
"CA5A","s329_S_VTA_03_ASEReadCounter.table","NW_015090842.1:8989929",125,294,169
"CA5A","s329_S_VTA_03_ASEReadCounter.table","NW_015090842.1:8990002",128,281,153
"CA5A","s329_S_VTA_03_ASEReadCounter.table","NW_015090842.1:8990004",127,277,150
"CA5A","s329_S_VTA_03_ASEReadCounter.table","NW_015090842.1:8990005",128,279,151
"CA5A","s329_S_VTA_03_ASEReadCounter.table","NW_015090842.1:8990017",131,259,128
"CA5A","s329_S_VTA_03_ASEReadCounter.table","NW_015090842.1:8990043",112,228,116
"CA5A","s329_S_VTA_03_ASEReadCounter.table","NW_015090842.1:8990080",88,202,114
"CA5A","s329_S_VTA_03_ASEReadCounter.table","NW_015090842.1:8990084",84,198,114
"CA5A","s329_S_VTA_03_ASEReadCounter.table","NW_015090842.1:8990090",86,202,116
"CA5A","s329_S_VTA_03_ASEReadCounter.table","NW_015090842.1:8990095",85,200,115
"CA5A","s329_S_VTA_03_ASEReadCounter.table","NW_015090842.1:8990111",73,188,115
"CA5A","s329_S_VTA_03_ASEReadCounter.table","NW_015090842.1:8990112",72,182,110
"CA5A","s329_S_VTA_03_ASEReadCounter.table","NW_015090842.1:8990115",81,191,110
"CA5A","s329_S_VTA_03_ASEReadCounter.table","NW_015090842.1:8990166",97,193,96
"CA5A","s329_S_VTA_03_ASEReadCounter.table","NW_015090842.1:8990169",108,203,95
"CA5A","s329_S_VTA_03_ASEReadCounter.table","NW_015090842.1:8990222",88,164,76
"CA5A","s329_S_VTA_03_ASEReadCounter.table","NW_015090842.1:8990289",116,208,92
"CA5A","s329_S_VTA_03_ASEReadCounter.table","NW_015090842.1:8990314",113,203,90
"CA5A","s329_S_VTA_03_ASEReadCounter.table","NW_015090842.1:8990361",97,185,88
"CA5A","s329_S_VTA_03_ASEReadCounter.table","NW_015090842.1:8990368",98,190,92
"CA5A","s329_S_VTA_03_ASEReadCounter.table","NW_015090842.1:8990429",96,177,81
"CA5A","s329_S_VTA_03_ASEReadCounter.table","NW_015090842.1:8990466",82,148,66
"CA5A","s329_S_VTA_03_ASEReadCounter.table","NW_015090842.1:8990663",101,181,80
"CA5A","s329_S_VTA_03_ASEReadCounter.table","NW_015090842.1:8990797",78,140,62
"CA5A","s329_S_VTA_03_ASEReadCounter.table","NW_015090842.1:8990836",103,168,65
"CA5A","s329_S_VTA_03_ASEReadCounter.table","NW_015090842.1:8990842",104,168,64
"CA5A","s329_S_VTA_03_ASEReadCounter.table","NW_015090842.1:8990851",105,166,61
"CA5A","s329_S_VTA_03_ASEReadCounter.table","NW_015090842.1:8990918",84,149,65
"CA5A","s329_S_VTA_03_ASEReadCounter.table","NW_015090842.1:8990921",76,149,73
"CA5A","s329_S_VTA_03_ASEReadCounter.table","NW_015090842.1:8990942",91,165,74
"CA5A","s329_S_VTA_03_ASEReadCounter.table","NW_015090842.1:8991001",92,185,93
"CA5A","s329_S_VTA_03_ASEReadCounter.table","NW_015090842.1:8991038",78,165,87
"CA5A","s329_S_VTA_03_ASEReadCounter.table","NW_015090842.1:8991149",82,160,78
"CA5A","s329_S_VTA_03_ASEReadCounter.table","NW_015090842.1:8991176",102,190,88
"CA5A","s329_S_VTA_03_ASEReadCounter.table","NW_015090842.1:8991241",103,197,94
"CA5A","s329_S_VTA_03_ASEReadCounter.table","NW_015090842.1:8991262",84,173,89
"CA5A","s329_S_VTA_03_ASEReadCounter.table","NW_015090842.1:8991316",92,99,7
"CA5A","s329_S_VTA_03_ASEReadCounter.table","NW_015090842.1:8991319",89,99,10
"CA5A","s329_S_VTA_03_ASEReadCounter.table","NW_015090842.1:8991330",84,89,5
"CA5A","s329_S_VTA_03_ASEReadCounter.table","NW_015090842.1:8991334",80,89,9
"CA5A","s329_S_VTA_03_ASEReadCounter.table","NW_015090842.1:8991362",85,143,58
"CA5A","s329_S_VTA_03_ASEReadCounter.table","NW_015090842.1:8991368",81,142,61
"CA5A","s329_S_VTA_03_ASEReadCounter.table","NW_015090842.1:8991390",87,153,66
"CA5A","s329_S_VTA_03_ASEReadCounter.table","NW_015090842.1:8991395",87,155,68
"CA5A","s329_S_VTA_03_ASEReadCounter.table","NW_015090842.1:8991422",88,169,81
"CA5A","s329_S_VTA_03_ASEReadCounter.table","NW_015090842.1:8991467",93,154,61
"CA5A","s329_S_VTA_03_ASEReadCounter.table","NW_015090842.1:8991576",61,128,67
"CA5A","s329_S_VTA_03_ASEReadCounter.table","NW_015090842.1:8991587",74,145,71
"CA5A","s329_S_VTA_03_ASEReadCounter.table","NW_015090842.1:8991655",81,157,76
"CA5A","s329_S_VTA_03_ASEReadCounter.table","NW_015090842.1:8991717",66,132,66
"CA5A","s329_S_VTA_03_ASEReadCounter.table","NW_015090842.1:8991726",69,142,73
"CA5A","s329_S_VTA_03_ASEReadCounter.table","NW_015090842.1:8991799",64,142,78
"CA5A","s329_S_VTA_03_ASEReadCounter.table","NW_015090842.1:8991809",63,143,80
"CA5A","s329_S_VTA_03_ASEReadCounter.table","NW_015090842.1:8991848",48,123,75
"CA5A","s329_S_VTA_03_ASEReadCounter.table","NW_015090842.1:8991849",48,123,75
"CA5A","s329_S_VTA_03_ASEReadCounter.table","NW_015090842.1:8991927",68,138,70
"CA5A","s329_S_VTA_03_ASEReadCounter.table","NW_015090842.1:8991941",66,132,66
"CA5A","s329_S_VTA_03_ASEReadCounter.table","NW_015090842.1:8992121",53,107,54
"CA5A","s329_S_VTA_03_ASEReadCounter.table","NW_015090842.1:8992224",64,125,61
"CA5A","s329_S_VTA_03_ASEReadCounter.table","NW_015090842.1:9002570",32,59,27
"CA5A","s329_S_VTA_03_ASEReadCounter.table","NW_015090842.1:9002600",26,53,27
"CA5A","s329_S_VTA_03_ASEReadCounter.table","NW_015090842.1:9004312",19,48,29
"CA5A","s329_S_VTA_03_ASEReadCounter.table","NW_015090842.1:9004506",1,1,0
"CA5A","s329_S_VTA_03_ASEReadCounter.table","NW_015090842.1:9004523",1,1,0
"CA5A","s329_S_VTA_03_ASEReadCounter.table","NW_015090842.1:9004530",1,1,0
"CA5A","s329_S_VTA_03_ASEReadCounter.table","NW_015090842.1:9004556",1,1,0
"CA5A","s329_S_VTA_03_ASEReadCounter.table","NW_015090842.1:9004620",3,3,0
"CA5A","s329_S_VTA_03_ASEReadCounter.table","NW_015090842.1:9005116",2,2,0
"CA5A","s329_S_VTA_03_ASEReadCounter.table","NW_015090842.1:9005120",2,2,0
"CA5A","s329_S_VTA_03_ASEReadCounter.table","NW_015090842.1:9005140",2,3,1
"CA5A","s329_S_VTA_03_ASEReadCounter.table","NW_015090842.1:9005152",4,7,3
"CA5A","s329_S_VTA_03_ASEReadCounter.table","NW_015090842.1:9011011",0,1,1
"BANP","s329_S_VTA_03_ASEReadCounter.table","NW_015090842.1:9033407",8,19,11
"BANP","s329_S_VTA_03_ASEReadCounter.table","NW_015090842.1:9033409",8,17,9
"BANP","s329_S_VTA_03_ASEReadCounter.table","NW_015090842.1:9033420",8,23,15
"BANP","s329_S_VTA_03_ASEReadCounter.table","NW_015090842.1:9055284",0,20,20
"ZC3H18","s329_S_VTA_03_ASEReadCounter.table","NW_015090842.1:9528933",43,88,45
"MVD","s329_S_VTA_03_ASEReadCounter.table","NW_015090842.1:9550690",17,32,15
"MVD","s329_S_VTA_03_ASEReadCounter.table","NW_015090842.1:9550691",18,34,16
"MVD","s329_S_VTA_03_ASEReadCounter.table","NW_015090842.1:9550699",21,43,22
"MVD","s329_S_VTA_03_ASEReadCounter.table","NW_015090842.1:9550701",21,41,20
"MVD","s329_S_VTA_03_ASEReadCounter.table","NW_015090842.1:9552202",42,79,37
"MVD","s329_S_VTA_03_ASEReadCounter.table","NW_015090842.1:9552223",46,84,38
"MVD","s329_S_VTA_03_ASEReadCounter.table","NW_015090842.1:9552533",36,58,22
"MVD","s329_S_VTA_03_ASEReadCounter.table","NW_015090842.1:9552644",0,59,59
"PIEZO1","s329_S_VTA_03_ASEReadCounter.table","NW_015090842.1:9577447",17,34,17
"PIEZO1","s329_S_VTA_03_ASEReadCounter.table","NW_015090842.1:9579101",0,31,31
"PIEZO1","s329_S_VTA_03_ASEReadCounter.table","NW_015090842.1:9582630",5,12,7
"PIEZO1","s329_S_VTA_03_ASEReadCounter.table","NW_015090842.1:9582976",10,15,5
"PIEZO1","s329_S_VTA_03_ASEReadCounter.table","NW_015090842.1:9583326",8,16,8
"CDT1","s329_S_VTA_03_ASEReadCounter.table","NW_015090842.1:9596711",3,8,5
"CDT1","s329_S_VTA_03_ASEReadCounter.table","NW_015090842.1:9597033",6,10,4
"CDT1","s329_S_VTA_03_ASEReadCounter.table","NW_015090842.1:9597756",10,17,7
"CDT1","s329_S_VTA_03_ASEReadCounter.table","NW_015090842.1:9598873",10,17,7
"ACSF3","s329_S_VTA_03_ASEReadCounter.table","NW_015090842.1:9776737",13,17,4
"ACSF3","s329_S_VTA_03_ASEReadCounter.table","NW_015090842.1:9809639",28,59,31
"ACSF3","s329_S_VTA_03_ASEReadCounter.table","NW_015090842.1:9834743",35,75,40
"ACSF3","s329_S_VTA_03_ASEReadCounter.table","NW_015090842.1:9834762",38,72,34
"ACSF3","s329_S_VTA_03_ASEReadCounter.table","NW_015090842.1:9834852",44,86,42
"ACSF3","s329_S_VTA_03_ASEReadCounter.table","NW_015090842.1:9834861",40,82,42
"ACSF3","s329_S_VTA_03_ASEReadCounter.table","NW_015090842.1:9839359",31,55,24
"ACSF3","s329_S_VTA_03_ASEReadCounter.table","NW_015090842.1:9839378",30,50,20
"ACSF3","s329_S_VTA_03_ASEReadCounter.table","NW_015090842.1:9839455",19,50,31
"ACSF3","s329_S_VTA_03_ASEReadCounter.table","NW_015090842.1:9839457",19,46,27
"ACSF3","s329_S_VTA_03_ASEReadCounter.table","NW_015090842.1:9839489",19,39,20
"ACSF3","s329_S_VTA_03_ASEReadCounter.table","NW_015090842.1:9839500",13,32,19
"ACSF3","s329_S_VTA_03_ASEReadCounter.table","NW_015090842.1:9839501",12,31,19
"ACSF3","s329_S_VTA_03_ASEReadCounter.table","NW_015090842.1:9839504",15,34,19
"ACSF3","s329_S_VTA_03_ASEReadCounter.table","NW_015090842.1:9839512",15,31,16
"ACSF3","s329_S_VTA_03_ASEReadCounter.table","NW_015090842.1:9839527",12,27,15
"ACSF3","s329_S_VTA_03_ASEReadCounter.table","NW_015090842.1:9839533",7,17,10
"ACSF3","s329_S_VTA_03_ASEReadCounter.table","NW_015090842.1:9839535",7,17,10
"ACSF3","s329_S_VTA_03_ASEReadCounter.table","NW_015090842.1:9839545",6,15,9
"ACSF3","s329_S_VTA_03_ASEReadCounter.table","NW_015090842.1:9839550",4,13,9
"ACSF3","s329_S_VTA_03_ASEReadCounter.table","NW_015090842.1:9839551",4,13,9
"CDH15","s329_S_VTA_03_ASEReadCounter.table","NW_015090842.1:9847163",1,3,2
"CDH15","s329_S_VTA_03_ASEReadCounter.table","NW_015090842.1:9847174",1,2,1
"CDH15","s329_S_VTA_03_ASEReadCounter.table","NW_015090842.1:9848552",1,1,0
"CDH15","s329_S_VTA_03_ASEReadCounter.table","NW_015090842.1:9848888",1,2,1
"CDH15","s329_S_VTA_03_ASEReadCounter.table","NW_015090842.1:9849086",1,3,2
"CDH15","s329_S_VTA_03_ASEReadCounter.table","NW_015090842.1:9849119",2,4,2
"CDH15","s329_S_VTA_03_ASEReadCounter.table","NW_015090842.1:9849140",2,3,1
"CDH15","s329_S_VTA_03_ASEReadCounter.table","NW_015090842.1:9849473",1,1,0
"CDH15","s329_S_VTA_03_ASEReadCounter.table","NW_015090842.1:9850141",0,3,3
"CDH15","s329_S_VTA_03_ASEReadCounter.table","NW_015090842.1:9850386",1,1,0
"CDH15","s329_S_VTA_03_ASEReadCounter.table","NW_015090842.1:9850432",1,1,0
"CDH15","s329_S_VTA_03_ASEReadCounter.table","NW_015090842.1:9850609",1,1,0
"SLC22A31","s329_S_VTA_03_ASEReadCounter.table","NW_015090842.1:9851130",3,9,6
"SLC22A31","s329_S_VTA_03_ASEReadCounter.table","NW_015090842.1:9851139",3,9,6
"SLC22A31","s329_S_VTA_03_ASEReadCounter.table","NW_015090842.1:9851265",3,16,13
"SLC22A31","s329_S_VTA_03_ASEReadCounter.table","NW_015090842.1:9851302",4,14,10
"SLC22A31","s329_S_VTA_03_ASEReadCounter.table","NW_015090842.1:9851303",5,14,9
"SLC22A31","s329_S_VTA_03_ASEReadCounter.table","NW_015090842.1:9851305",4,12,8
"SLC22A31","s329_S_VTA_03_ASEReadCounter.table","NW_015090842.1:9851343",2,11,9
"SLC22A31","s329_S_VTA_03_ASEReadCounter.table","NW_015090842.1:9851344",4,12,8
"SLC22A31","s329_S_VTA_03_ASEReadCounter.table","NW_015090842.1:9851381",1,9,8
"SLC22A31","s329_S_VTA_03_ASEReadCounter.table","NW_015090842.1:9851421",5,14,9
"SLC22A31","s329_S_VTA_03_ASEReadCounter.table","NW_015090842.1:9851526",7,14,7
"SLC22A31","s329_S_VTA_03_ASEReadCounter.table","NW_015090842.1:9851589",10,17,7
"SLC22A31","s329_S_VTA_03_ASEReadCounter.table","NW_015090842.1:9851712",9,13,4
"SLC22A31","s329_S_VTA_03_ASEReadCounter.table","NW_015090842.1:9851899",7,15,8
"SLC22A31","s329_S_VTA_03_ASEReadCounter.table","NW_015090842.1:9852139",16,22,6
"SLC22A31","s329_S_VTA_03_ASEReadCounter.table","NW_015090842.1:9852380",12,21,9
"SLC22A31","s329_S_VTA_03_ASEReadCounter.table","NW_015090842.1:9852431",7,15,8
"SLC22A31","s329_S_VTA_03_ASEReadCounter.table","NW_015090842.1:9852630",4,14,10
"SLC22A31","s329_S_VTA_03_ASEReadCounter.table","NW_015090842.1:9852711",5,9,4
"SLC22A31","s329_S_VTA_03_ASEReadCounter.table","NW_015090842.1:9852742",2,5,3
"SLC22A31","s329_S_VTA_03_ASEReadCounter.table","NW_015090842.1:9853099",4,6,2
"SLC22A31","s329_S_VTA_03_ASEReadCounter.table","NW_015090842.1:9853102",4,6,2
"SLC22A31","s329_S_VTA_03_ASEReadCounter.table","NW_015090842.1:9853421",5,6,1
"SLC22A31","s329_S_VTA_03_ASEReadCounter.table","NW_015090842.1:9853457",5,5,0
"SLC22A31","s329_S_VTA_03_ASEReadCounter.table","NW_015090842.1:9853502",6,6,0
"ANKRD11","s329_S_VTA_03_ASEReadCounter.table","NW_015090842.1:9858863",7,20,13
"ANKRD11","s329_S_VTA_03_ASEReadCounter.table","NW_015090842.1:9859101",133,301,168
"ANKRD11","s329_S_VTA_03_ASEReadCounter.table","NW_015090842.1:9859352",156,347,191
"ANKRD11","s329_S_VTA_03_ASEReadCounter.table","NW_015090842.1:9859381",77,223,146
"ANKRD11","s329_S_VTA_03_ASEReadCounter.table","NW_015090842.1:9859527",77,142,65
"ANKRD11","s329_S_VTA_03_ASEReadCounter.table","NW_015090842.1:9859529",77,144,67
"ANKRD11","s329_S_VTA_03_ASEReadCounter.table","NW_015090842.1:9859679",125,278,153
"ANKRD11","s329_S_VTA_03_ASEReadCounter.table","NW_015090842.1:9861097",157,299,142
"ANKRD11","s329_S_VTA_03_ASEReadCounter.table","NW_015090842.1:9862571",116,217,101
"ANKRD11","s329_S_VTA_03_ASEReadCounter.table","NW_015090842.1:9866071",0,123,123
"ANKRD11","s329_S_VTA_03_ASEReadCounter.table","NW_015090842.1:9866200",0,98,98
"ANKRD11","s329_S_VTA_03_ASEReadCounter.table","NW_015090842.1:9867391",36,79,43
"ANKRD11","s329_S_VTA_03_ASEReadCounter.table","NW_015090842.1:9867472",57,140,83
"ANKRD11","s329_S_VTA_03_ASEReadCounter.table","NW_015090842.1:9867559",63,124,61
"ANKRD11","s329_S_VTA_03_ASEReadCounter.table","NW_015090842.1:9867934",73,152,79
"ANKRD11","s329_S_VTA_03_ASEReadCounter.table","NW_015090842.1:9868093",75,151,76
"ANKRD11","s329_S_VTA_03_ASEReadCounter.table","NW_015090842.1:9868222",80,149,69
"ANKRD11","s329_S_VTA_03_ASEReadCounter.table","NW_015090842.1:9868327",73,155,82
"ANKRD11","s329_S_VTA_03_ASEReadCounter.table","NW_015090842.1:9868414",97,190,93
"ANKRD11","s329_S_VTA_03_ASEReadCounter.table","NW_015090842.1:9868441",88,167,79
"ANKRD11","s329_S_VTA_03_ASEReadCounter.table","NW_015090842.1:9868444",90,177,87
"ANKRD11","s329_S_VTA_03_ASEReadCounter.table","NW_015090842.1:9868519",107,209,102
"ANKRD11","s329_S_VTA_03_ASEReadCounter.table","NW_015090842.1:9868609",109,226,117
"ANKRD11","s329_S_VTA_03_ASEReadCounter.table","NW_015090842.1:9868666",109,237,128
"ANKRD11","s329_S_VTA_03_ASEReadCounter.table","NW_015090842.1:9869431",124,276,152
"ANKRD11","s329_S_VTA_03_ASEReadCounter.table","NW_015090842.1:9869578",209,456,247
"ANKRD11","s329_S_VTA_03_ASEReadCounter.table","NW_015090842.1:9869734",205,441,236
"ANKRD11","s329_S_VTA_03_ASEReadCounter.table","NW_015090842.1:9870070",178,408,230
"ANKRD11","s329_S_VTA_03_ASEReadCounter.table","NW_015090842.1:9870349",177,364,187
"ANKRD11","s329_S_VTA_03_ASEReadCounter.table","NW_015090842.1:9870604",211,391,180
"ANKRD11","s329_S_VTA_03_ASEReadCounter.table","NW_015090842.1:9870613",231,420,189
"ANKRD11","s329_S_VTA_03_ASEReadCounter.table","NW_015090842.1:9870685",283,530,247
"ANKRD11","s329_S_VTA_03_ASEReadCounter.table","NW_015090842.1:9870847",193,393,200
"ANKRD11","s329_S_VTA_03_ASEReadCounter.table","NW_015090842.1:9871103",155,296,141
"ANKRD11","s329_S_VTA_03_ASEReadCounter.table","NW_015090842.1:9871165",160,339,179
"ANKRD11","s329_S_VTA_03_ASEReadCounter.table","NW_015090842.1:9871820",68,158,90
"ANKRD11","s329_S_VTA_03_ASEReadCounter.table","NW_015090842.1:9871994",112,195,83
"ANKRD11","s329_S_VTA_03_ASEReadCounter.table","NW_015090842.1:9872118",103,186,83
"SPG7","s329_S_VTA_03_ASEReadCounter.table","NW_015090842.1:10051190",139,256,117
"SPG7","s329_S_VTA_03_ASEReadCounter.table","NW_015090842.1:10051218",156,330,174
"SPG7","s329_S_VTA_03_ASEReadCounter.table","NW_015090842.1:10052348",175,346,171
"SPG7","s329_S_VTA_03_ASEReadCounter.table","NW_015090842.1:10052366",169,340,171
"SPG7","s329_S_VTA_03_ASEReadCounter.table","NW_015090842.1:10065173",198,402,204
"SPG7","s329_S_VTA_03_ASEReadCounter.table","NW_015090842.1:10065215",193,378,185
"SPG7","s329_S_VTA_03_ASEReadCounter.table","NW_015090842.1:10066301",180,325,145
"SPG7","s329_S_VTA_03_ASEReadCounter.table","NW_015090842.1:10066365",182,340,158
"SPG7","s329_S_VTA_03_ASEReadCounter.table","NW_015090842.1:10069752",224,424,200
"SPG7","s329_S_VTA_03_ASEReadCounter.table","NW_015090842.1:10069800",214,447,233
"SPG7","s329_S_VTA_03_ASEReadCounter.table","NW_015090842.1:10071192",217,465,248
"SPG7","s329_S_VTA_03_ASEReadCounter.table","NW_015090842.1:10071204",207,434,227
"SPG7","s329_S_VTA_03_ASEReadCounter.table","NW_015090842.1:10071219",193,415,222
"SPG7","s329_S_VTA_03_ASEReadCounter.table","NW_015090842.1:10071967",216,419,203
"SPG7","s329_S_VTA_03_ASEReadCounter.table","NW_015090842.1:10075109",291,578,287
"SPG7","s329_S_VTA_03_ASEReadCounter.table","NW_015090842.1:10075114",295,578,283
"SPG7","s329_S_VTA_03_ASEReadCounter.table","NW_015090842.1:10075198",244,454,210
"SPG7","s329_S_VTA_03_ASEReadCounter.table","NW_015090842.1:10075487",180,349,169
"SPG7","s329_S_VTA_03_ASEReadCounter.table","NW_015090842.1:10075488",181,355,174
"SPG7","s329_S_VTA_03_ASEReadCounter.table","NW_015090842.1:10075548",141,261,120
"RPL13","s329_S_VTA_03_ASEReadCounter.table","NW_015090842.1:10076979",2,6,4
"RPL13","s329_S_VTA_03_ASEReadCounter.table","NW_015090842.1:10077387",457,1057,600
"RPL13","s329_S_VTA_03_ASEReadCounter.table","NW_015090842.1:10077978",707,1511,804
"RPL13","s329_S_VTA_03_ASEReadCounter.table","NW_015090842.1:10077992",698,1448,750
"CPNE7","s329_S_VTA_03_ASEReadCounter.table","NW_015090842.1:10084001",5,11,6
"CPNE7","s329_S_VTA_03_ASEReadCounter.table","NW_015090842.1:10084856",5,10,5
"CPNE7","s329_S_VTA_03_ASEReadCounter.table","NW_015090842.1:10084872",4,9,5
"CPNE7","s329_S_VTA_03_ASEReadCounter.table","NW_015090842.1:10084892",5,9,4
"CPNE7","s329_S_VTA_03_ASEReadCounter.table","NW_015090842.1:10084921",6,9,3
"CPNE7","s329_S_VTA_03_ASEReadCounter.table","NW_015090842.1:10084935",6,8,2
"CPNE7","s329_S_VTA_03_ASEReadCounter.table","NW_015090842.1:10085000",7,9,2
"CPNE7","s329_S_VTA_03_ASEReadCounter.table","NW_015090842.1:10085089",1,4,3
"CPNE7","s329_S_VTA_03_ASEReadCounter.table","NW_015090842.1:10085096",2,4,2
"CPNE7","s329_S_VTA_03_ASEReadCounter.table","NW_015090842.1:10085126",4,5,1
"CPNE7","s329_S_VTA_03_ASEReadCounter.table","NW_015090842.1:10085180",6,8,2
"CPNE7","s329_S_VTA_03_ASEReadCounter.table","NW_015090842.1:10085201",6,8,2
"CPNE7","s329_S_VTA_03_ASEReadCounter.table","NW_015090842.1:10088134",16,24,8
"CPNE7","s329_S_VTA_03_ASEReadCounter.table","NW_015090842.1:10088146",16,23,7
"CPNE7","s329_S_VTA_03_ASEReadCounter.table","NW_015090842.1:10088940",20,31,11
"CPNE7","s329_S_VTA_03_ASEReadCounter.table","NW_015090842.1:10088965",19,27,8
"CPNE7","s329_S_VTA_03_ASEReadCounter.table","NW_015090842.1:10088967",18,27,9
"CPNE7","s329_S_VTA_03_ASEReadCounter.table","NW_015090842.1:10088973",19,29,10
"CPNE7","s329_S_VTA_03_ASEReadCounter.table","NW_015090842.1:10090924",24,38,14
"CPNE7","s329_S_VTA_03_ASEReadCounter.table","NW_015090842.1:10090930",24,38,14
"CPNE7","s329_S_VTA_03_ASEReadCounter.table","NW_015090842.1:10091075",20,39,19
"CPNE7","s329_S_VTA_03_ASEReadCounter.table","NW_015090842.1:10091389",18,29,11
"CPNE7","s329_S_VTA_03_ASEReadCounter.table","NW_015090842.1:10091407",24,36,12
"CPNE7","s329_S_VTA_03_ASEReadCounter.table","NW_015090842.1:10091530",26,34,8
"CPNE7","s329_S_VTA_03_ASEReadCounter.table","NW_015090842.1:10091875",34,51,17
"CPNE7","s329_S_VTA_03_ASEReadCounter.table","NW_015090842.1:10091983",24,34,10
"CPNE7","s329_S_VTA_03_ASEReadCounter.table","NW_015090842.1:10091997",22,33,11
"CPNE7","s329_S_VTA_03_ASEReadCounter.table","NW_015090842.1:10092038",12,18,6
"CPNE7","s329_S_VTA_03_ASEReadCounter.table","NW_015090842.1:10092140",17,33,16
"CPNE7","s329_S_VTA_03_ASEReadCounter.table","NW_015090842.1:10092183",16,26,10
"CPNE7","s329_S_VTA_03_ASEReadCounter.table","NW_015090842.1:10092201",13,23,10
"CPNE7","s329_S_VTA_03_ASEReadCounter.table","NW_015090842.1:10092230",7,14,7
"CPNE7","s329_S_VTA_03_ASEReadCounter.table","NW_015090842.1:10092246",3,8,5
"LOC106888185","s329_S_VTA_03_ASEReadCounter.table","NW_015090842.1:10094965",6,10,4
"LOC106888185","s329_S_VTA_03_ASEReadCounter.table","NW_015090842.1:10094966",6,10,4
"LOC106888185","s329_S_VTA_03_ASEReadCounter.table","NW_015090842.1:10094985",7,11,4
"LOC106888185","s329_S_VTA_03_ASEReadCounter.table","NW_015090842.1:10095055",0,8,8
"LOC106888185","s329_S_VTA_03_ASEReadCounter.table","NW_015090842.1:10095062",0,4,4
"LOC106888185","s329_S_VTA_03_ASEReadCounter.table","NW_015090842.1:10095130",1,4,3
"LOC106888185","s329_S_VTA_03_ASEReadCounter.table","NW_015090842.1:10095265",17,34,17
"LOC106888185","s329_S_VTA_03_ASEReadCounter.table","NW_015090842.1:10095586",13,31,18
"LOC106888185","s329_S_VTA_03_ASEReadCounter.table","NW_015090842.1:10095593",13,32,19
"LOC106888185","s329_S_VTA_03_ASEReadCounter.table","NW_015090842.1:10095616",7,22,15
"LOC106888185","s329_S_VTA_03_ASEReadCounter.table","NW_015090842.1:10095662",4,22,18
"LOC106888185","s329_S_VTA_03_ASEReadCounter.table","NW_015090842.1:10095674",4,18,14
"LOC106888185","s329_S_VTA_03_ASEReadCounter.table","NW_015090842.1:10095786",7,26,19
"LOC106888185","s329_S_VTA_03_ASEReadCounter.table","NW_015090842.1:10095831",11,22,11
"LOC106888185","s329_S_VTA_03_ASEReadCounter.table","NW_015090842.1:10096230",5,16,11
"LOC106888185","s329_S_VTA_03_ASEReadCounter.table","NW_015090842.1:10096249",4,15,11
"LOC106888185","s329_S_VTA_03_ASEReadCounter.table","NW_015090842.1:10096272",7,21,14
"LOC106888185","s329_S_VTA_03_ASEReadCounter.table","NW_015090842.1:10096288",5,17,12
"LOC106888185","s329_S_VTA_03_ASEReadCounter.table","NW_015090842.1:10097248",10,26,16
"LOC106888185","s329_S_VTA_03_ASEReadCounter.table","NW_015090842.1:10097265",10,29,19
"LOC106888185","s329_S_VTA_03_ASEReadCounter.table","NW_015090842.1:10097446",1,4,3
"DPEP1","s329_S_VTA_03_ASEReadCounter.table","NW_015090842.1:10098017",0,1,1
"DPEP1","s329_S_VTA_03_ASEReadCounter.table","NW_015090842.1:10098518",0,1,1
"DPEP1","s329_S_VTA_03_ASEReadCounter.table","NW_015090842.1:10098595",0,1,1
"DPEP1","s329_S_VTA_03_ASEReadCounter.table","NW_015090842.1:10098597",0,1,1
"DPEP1","s329_S_VTA_03_ASEReadCounter.table","NW_015090842.1:10098601",0,1,1
"DPEP1","s329_S_VTA_03_ASEReadCounter.table","NW_015090842.1:10098608",0,1,1
"DPEP1","s329_S_VTA_03_ASEReadCounter.table","NW_015090842.1:10098630",0,1,1
"DPEP1","s329_S_VTA_03_ASEReadCounter.table","NW_015090842.1:10098659",0,1,1
"DPEP1","s329_S_VTA_03_ASEReadCounter.table","NW_015090842.1:10099765",0,2,2
"DPEP1","s329_S_VTA_03_ASEReadCounter.table","NW_015090842.1:10099985",0,1,1
"DPEP1","s329_S_VTA_03_ASEReadCounter.table","NW_015090842.1:10099986",0,1,1
"DPEP1","s329_S_VTA_03_ASEReadCounter.table","NW_015090842.1:10099991",0,1,1
"DPEP1","s329_S_VTA_03_ASEReadCounter.table","NW_015090842.1:10100045",0,1,1
"DPEP1","s329_S_VTA_03_ASEReadCounter.table","NW_015090842.1:10100084",0,1,1
"DPEP1","s329_S_VTA_03_ASEReadCounter.table","NW_015090842.1:10100893",0,2,2
"DPEP1","s329_S_VTA_03_ASEReadCounter.table","NW_015090842.1:10100902",0,3,3
"DPEP1","s329_S_VTA_03_ASEReadCounter.table","NW_015090842.1:10101072",0,3,3
"DPEP1","s329_S_VTA_03_ASEReadCounter.table","NW_015090842.1:10101199",0,1,1
"DPEP1","s329_S_VTA_03_ASEReadCounter.table","NW_015090842.1:10101483",0,3,3
"DPEP1","s329_S_VTA_03_ASEReadCounter.table","NW_015090842.1:10101497",0,4,4
"DPEP1","s329_S_VTA_03_ASEReadCounter.table","NW_015090842.1:10101525",0,4,4
"DPEP1","s329_S_VTA_03_ASEReadCounter.table","NW_015090842.1:10101875",0,2,2
"DPEP1","s329_S_VTA_03_ASEReadCounter.table","NW_015090842.1:10101913",0,2,2
"DPEP1","s329_S_VTA_03_ASEReadCounter.table","NW_015090842.1:10101996",0,1,1
"DPEP1","s329_S_VTA_03_ASEReadCounter.table","NW_015090842.1:10102014",0,1,1
"DPEP1","s329_S_VTA_03_ASEReadCounter.table","NW_015090842.1:10102035",0,1,1
"CHMP1A","s329_S_VTA_03_ASEReadCounter.table","NW_015090842.1:10102901",73,178,105
"CHMP1A","s329_S_VTA_03_ASEReadCounter.table","NW_015090842.1:10102961",63,190,127
"CHMP1A","s329_S_VTA_03_ASEReadCounter.table","NW_015090842.1:10102996",57,178,121
"CHMP1A","s329_S_VTA_03_ASEReadCounter.table","NW_015090842.1:10103004",61,182,121
"CHMP1A","s329_S_VTA_03_ASEReadCounter.table","NW_015090842.1:10103006",61,189,128
"CHMP1A","s329_S_VTA_03_ASEReadCounter.table","NW_015090842.1:10103052",98,217,119
"CHMP1A","s329_S_VTA_03_ASEReadCounter.table","NW_015090842.1:10103095",95,205,110
"CHMP1A","s329_S_VTA_03_ASEReadCounter.table","NW_015090842.1:10103096",95,203,108
"CHMP1A","s329_S_VTA_03_ASEReadCounter.table","NW_015090842.1:10103152",83,174,91
"CHMP1A","s329_S_VTA_03_ASEReadCounter.table","NW_015090842.1:10103334",58,139,81
"CHMP1A","s329_S_VTA_03_ASEReadCounter.table","NW_015090842.1:10103373",37,129,92
"CHMP1A","s329_S_VTA_03_ASEReadCounter.table","NW_015090842.1:10103408",64,175,111
"CHMP1A","s329_S_VTA_03_ASEReadCounter.table","NW_015090842.1:10103412",70,179,109
"CHMP1A","s329_S_VTA_03_ASEReadCounter.table","NW_015090842.1:10103512",88,208,120
"CHMP1A","s329_S_VTA_03_ASEReadCounter.table","NW_015090842.1:10103513",86,206,120
"CHMP1A","s329_S_VTA_03_ASEReadCounter.table","NW_015090842.1:10103583",62,132,70
"CHMP1A","s329_S_VTA_03_ASEReadCounter.table","NW_015090842.1:10103614",64,133,69
"CHMP1A","s329_S_VTA_03_ASEReadCounter.table","NW_015090842.1:10103657",63,152,89
"CHMP1A","s329_S_VTA_03_ASEReadCounter.table","NW_015090842.1:10103669",56,148,92
"CHMP1A","s329_S_VTA_03_ASEReadCounter.table","NW_015090842.1:10103674",57,144,87
"CHMP1A","s329_S_VTA_03_ASEReadCounter.table","NW_015090842.1:10103677",54,142,88
"CHMP1A","s329_S_VTA_03_ASEReadCounter.table","NW_015090842.1:10103729",80,181,101
"CHMP1A","s329_S_VTA_03_ASEReadCounter.table","NW_015090842.1:10103758",79,169,90
"CHMP1A","s329_S_VTA_03_ASEReadCounter.table","NW_015090842.1:10103761",83,177,94
"CHMP1A","s329_S_VTA_03_ASEReadCounter.table","NW_015090842.1:10103788",94,203,109
"CHMP1A","s329_S_VTA_03_ASEReadCounter.table","NW_015090842.1:10103789",93,201,108
"CHMP1A","s329_S_VTA_03_ASEReadCounter.table","NW_015090842.1:10103790",94,203,109
"CHMP1A","s329_S_VTA_03_ASEReadCounter.table","NW_015090842.1:10103950",94,186,92
"CHMP1A","s329_S_VTA_03_ASEReadCounter.table","NW_015090842.1:10104335",56,122,66
"CHMP1A","s329_S_VTA_03_ASEReadCounter.table","NW_015090842.1:10104429",89,174,85
"CHMP1A","s329_S_VTA_03_ASEReadCounter.table","NW_015090842.1:10104532",83,188,105
"CHMP1A","s329_S_VTA_03_ASEReadCounter.table","NW_015090842.1:10104633",57,147,90
"CHMP1A","s329_S_VTA_03_ASEReadCounter.table","NW_015090842.1:10104759",65,143,78
"CHMP1A","s329_S_VTA_03_ASEReadCounter.table","NW_015090842.1:10104794",82,161,79
"CHMP1A","s329_S_VTA_03_ASEReadCounter.table","NW_015090842.1:10104844",50,107,57
"CHMP1A","s329_S_VTA_03_ASEReadCounter.table","NW_015090842.1:10106290",73,150,77
"CHMP1A","s329_S_VTA_03_ASEReadCounter.table","NW_015090842.1:10106335",73,172,99
"CHMP1A","s329_S_VTA_03_ASEReadCounter.table","NW_015090842.1:10106383",84,201,117
"CHMP1A","s329_S_VTA_03_ASEReadCounter.table","NW_015090842.1:10106747",86,173,87
"CHMP1A","s329_S_VTA_03_ASEReadCounter.table","NW_015090842.1:10107404",65,175,110
"CHMP1A","s329_S_VTA_03_ASEReadCounter.table","NW_015090842.1:10107410",73,186,113
"CHMP1A","s329_S_VTA_03_ASEReadCounter.table","NW_015090842.1:10107876",82,175,93
"CDK10","s329_S_VTA_03_ASEReadCounter.table","NW_015090842.1:10109030",10,13,3
"CDK10","s329_S_VTA_03_ASEReadCounter.table","NW_015090842.1:10109963",43,135,92
"CDK10","s329_S_VTA_03_ASEReadCounter.table","NW_015090842.1:10110887",28,108,80
"CDK10","s329_S_VTA_03_ASEReadCounter.table","NW_015090842.1:10111254",28,96,68
"CDK10","s329_S_VTA_03_ASEReadCounter.table","NW_015090842.1:10111380",34,118,84
"CDK10","s329_S_VTA_03_ASEReadCounter.table","NW_015090842.1:10111395",38,121,83
"CDK10","s329_S_VTA_03_ASEReadCounter.table","NW_015090842.1:10111437",23,105,82
"CDK10","s329_S_VTA_03_ASEReadCounter.table","NW_015090842.1:10111798",40,131,91
"CDK10","s329_S_VTA_03_ASEReadCounter.table","NW_015090842.1:10111840",43,122,79
"CDK10","s329_S_VTA_03_ASEReadCounter.table","NW_015090842.1:10112031",44,157,113
"CDK10","s329_S_VTA_03_ASEReadCounter.table","NW_015090842.1:10112285",47,164,117
"CDK10","s329_S_VTA_03_ASEReadCounter.table","NW_015090842.1:10112398",42,163,121
"CDK10","s329_S_VTA_03_ASEReadCounter.table","NW_015090842.1:10112455",36,161,125
"CDK10","s329_S_VTA_03_ASEReadCounter.table","NW_015090842.1:10112461",36,148,112
"CDK10","s329_S_VTA_03_ASEReadCounter.table","NW_015090842.1:10112497",35,131,96
"CDK10","s329_S_VTA_03_ASEReadCounter.table","NW_015090842.1:10112508",31,128,97
"CDK10","s329_S_VTA_03_ASEReadCounter.table","NW_015090842.1:10112518",25,108,83
"CDK10","s329_S_VTA_03_ASEReadCounter.table","NW_015090842.1:10112540",6,86,80
"CDK10","s329_S_VTA_03_ASEReadCounter.table","NW_015090842.1:10112556",18,101,83
"CDK10","s329_S_VTA_03_ASEReadCounter.table","NW_015090842.1:10112561",19,116,97
"CDK10","s329_S_VTA_03_ASEReadCounter.table","NW_015090842.1:10112596",24,118,94
"CDK10","s329_S_VTA_03_ASEReadCounter.table","NW_015090842.1:10112630",21,99,78
"CDK10","s329_S_VTA_03_ASEReadCounter.table","NW_015090842.1:10112656",30,109,79
"CDK10","s329_S_VTA_03_ASEReadCounter.table","NW_015090842.1:10112665",28,87,59
"CDK10","s329_S_VTA_03_ASEReadCounter.table","NW_015090842.1:10112668",27,86,59
"CDK10","s329_S_VTA_03_ASEReadCounter.table","NW_015090842.1:10112781",13,43,30
"CDK10","s329_S_VTA_03_ASEReadCounter.table","NW_015090842.1:10112782",13,42,29
"CDK10","s329_S_VTA_03_ASEReadCounter.table","NW_015090842.1:10112795",11,37,26
"CDK10","s329_S_VTA_03_ASEReadCounter.table","NW_015090842.1:10112841",6,16,10
"CDK10","s329_S_VTA_03_ASEReadCounter.table","NW_015090842.1:10112861",4,14,10
"SPATA2L","s329_S_VTA_03_ASEReadCounter.table","NW_015090842.1:10113212",27,63,36
"SPATA2L","s329_S_VTA_03_ASEReadCounter.table","NW_015090842.1:10113280",41,104,63
"SPATA2L","s329_S_VTA_03_ASEReadCounter.table","NW_015090842.1:10113296",43,105,62
"SPATA2L","s329_S_VTA_03_ASEReadCounter.table","NW_015090842.1:10113321",50,134,84
"SPATA2L","s329_S_VTA_03_ASEReadCounter.table","NW_015090842.1:10113332",51,142,91
"SPATA2L","s329_S_VTA_03_ASEReadCounter.table","NW_015090842.1:10113380",55,168,113
"SPATA2L","s329_S_VTA_03_ASEReadCounter.table","NW_015090842.1:10113381",56,173,117
"SPATA2L","s329_S_VTA_03_ASEReadCounter.table","NW_015090842.1:10113412",57,183,126
"SPATA2L","s329_S_VTA_03_ASEReadCounter.table","NW_015090842.1:10113421",62,181,119
"SPATA2L","s329_S_VTA_03_ASEReadCounter.table","NW_015090842.1:10113465",65,177,112
"SPATA2L","s329_S_VTA_03_ASEReadCounter.table","NW_015090842.1:10113535",86,166,80
"SPATA2L","s329_S_VTA_03_ASEReadCounter.table","NW_015090842.1:10113645",67,194,127
"SPATA2L","s329_S_VTA_03_ASEReadCounter.table","NW_015090842.1:10113682",91,239,148
"SPATA2L","s329_S_VTA_03_ASEReadCounter.table","NW_015090842.1:10113696",80,217,137
"SPATA2L","s329_S_VTA_03_ASEReadCounter.table","NW_015090842.1:10113727",75,228,153
"SPATA2L","s329_S_VTA_03_ASEReadCounter.table","NW_015090842.1:10113729",78,229,151
"SPATA2L","s329_S_VTA_03_ASEReadCounter.table","NW_015090842.1:10113799",85,219,134
"SPATA2L","s329_S_VTA_03_ASEReadCounter.table","NW_015090842.1:10113809",93,235,142
"SPATA2L","s329_S_VTA_03_ASEReadCounter.table","NW_015090842.1:10113827",98,224,126
"SPATA2L","s329_S_VTA_03_ASEReadCounter.table","NW_015090842.1:10113831",96,229,133
"SPATA2L","s329_S_VTA_03_ASEReadCounter.table","NW_015090842.1:10113894",89,196,107
"SPATA2L","s329_S_VTA_03_ASEReadCounter.table","NW_015090842.1:10113905",74,178,104
"SPATA2L","s329_S_VTA_03_ASEReadCounter.table","NW_015090842.1:10113914",69,170,101
"SPATA2L","s329_S_VTA_03_ASEReadCounter.table","NW_015090842.1:10113920",75,174,99
"SPATA2L","s329_S_VTA_03_ASEReadCounter.table","NW_015090842.1:10113937",80,188,108
"SPATA2L","s329_S_VTA_03_ASEReadCounter.table","NW_015090842.1:10113971",55,156,101
"SPATA2L","s329_S_VTA_03_ASEReadCounter.table","NW_015090842.1:10113976",51,160,109
"SPATA2L","s329_S_VTA_03_ASEReadCounter.table","NW_015090842.1:10113985",54,147,93
"SPATA2L","s329_S_VTA_03_ASEReadCounter.table","NW_015090842.1:10113994",64,163,99
"SPATA2L","s329_S_VTA_03_ASEReadCounter.table","NW_015090842.1:10114063",41,131,90
"SPATA2L","s329_S_VTA_03_ASEReadCounter.table","NW_015090842.1:10114066",40,133,93
"SPATA2L","s329_S_VTA_03_ASEReadCounter.table","NW_015090842.1:10114069",38,130,92
"SPATA2L","s329_S_VTA_03_ASEReadCounter.table","NW_015090842.1:10114159",45,109,64
"SPATA2L","s329_S_VTA_03_ASEReadCounter.table","NW_015090842.1:10114262",92,144,52
"SPATA2L","s329_S_VTA_03_ASEReadCounter.table","NW_015090842.1:10114470",45,94,49
"SPATA2L","s329_S_VTA_03_ASEReadCounter.table","NW_015090842.1:10114524",34,74,40
"VPS9D1","s329_S_VTA_03_ASEReadCounter.table","NW_015090842.1:10116377",37,113,76
"VPS9D1","s329_S_VTA_03_ASEReadCounter.table","NW_015090842.1:10116415",38,127,89
"VPS9D1","s329_S_VTA_03_ASEReadCounter.table","NW_015090842.1:10116607",30,109,79
"VPS9D1","s329_S_VTA_03_ASEReadCounter.table","NW_015090842.1:10116821",30,102,72
"VPS9D1","s329_S_VTA_03_ASEReadCounter.table","NW_015090842.1:10116825",29,100,71
"VPS9D1","s329_S_VTA_03_ASEReadCounter.table","NW_015090842.1:10116882",31,97,66
"VPS9D1","s329_S_VTA_03_ASEReadCounter.table","NW_015090842.1:10116933",38,109,71
"VPS9D1","s329_S_VTA_03_ASEReadCounter.table","NW_015090842.1:10116942",40,115,75
"VPS9D1","s329_S_VTA_03_ASEReadCounter.table","NW_015090842.1:10117152",35,81,46
"VPS9D1","s329_S_VTA_03_ASEReadCounter.table","NW_015090842.1:10117480",40,78,38
"VPS9D1","s329_S_VTA_03_ASEReadCounter.table","NW_015090842.1:10117497",33,74,41
"VPS9D1","s329_S_VTA_03_ASEReadCounter.table","NW_015090842.1:10117499",33,77,44
"VPS9D1","s329_S_VTA_03_ASEReadCounter.table","NW_015090842.1:10117516",31,81,50
"VPS9D1","s329_S_VTA_03_ASEReadCounter.table","NW_015090842.1:10117525",36,85,49
"VPS9D1","s329_S_VTA_03_ASEReadCounter.table","NW_015090842.1:10117579",44,99,55
"VPS9D1","s329_S_VTA_03_ASEReadCounter.table","NW_015090842.1:10117627",44,103,59
"VPS9D1","s329_S_VTA_03_ASEReadCounter.table","NW_015090842.1:10117678",21,95,74
"VPS9D1","s329_S_VTA_03_ASEReadCounter.table","NW_015090842.1:10117773",44,108,64
"VPS9D1","s329_S_VTA_03_ASEReadCounter.table","NW_015090842.1:10117937",58,137,79
"VPS9D1","s329_S_VTA_03_ASEReadCounter.table","NW_015090842.1:10117961",55,134,79
"VPS9D1","s329_S_VTA_03_ASEReadCounter.table","NW_015090842.1:10118236",55,148,93
"VPS9D1","s329_S_VTA_03_ASEReadCounter.table","NW_015090842.1:10118414",48,122,74
"VPS9D1","s329_S_VTA_03_ASEReadCounter.table","NW_015090842.1:10118973",44,139,95
"VPS9D1","s329_S_VTA_03_ASEReadCounter.table","NW_015090842.1:10119500",19,71,52
"ZNF276","s329_S_VTA_03_ASEReadCounter.table","NW_015090842.1:10121760",6,12,6
"ZNF276","s329_S_VTA_03_ASEReadCounter.table","NW_015090842.1:10121769",6,13,7
"ZNF276","s329_S_VTA_03_ASEReadCounter.table","NW_015090842.1:10121802",7,14,7
"ZNF276","s329_S_VTA_03_ASEReadCounter.table","NW_015090842.1:10121971",18,34,16
"ZNF276","s329_S_VTA_03_ASEReadCounter.table","NW_015090842.1:10122161",22,42,20
"ZNF276","s329_S_VTA_03_ASEReadCounter.table","NW_015090842.1:10122164",22,42,20
"ZNF276","s329_S_VTA_03_ASEReadCounter.table","NW_015090842.1:10122184",20,34,14
"ZNF276","s329_S_VTA_03_ASEReadCounter.table","NW_015090842.1:10122883",14,36,22
"ZNF276","s329_S_VTA_03_ASEReadCounter.table","NW_015090842.1:10122997",10,25,15
"ZNF276","s329_S_VTA_03_ASEReadCounter.table","NW_015090842.1:10123069",17,37,20
"ZNF276","s329_S_VTA_03_ASEReadCounter.table","NW_015090842.1:10123207",31,76,45
"ZNF276","s329_S_VTA_03_ASEReadCounter.table","NW_015090842.1:10125787",25,79,54
"ZNF276","s329_S_VTA_03_ASEReadCounter.table","NW_015090842.1:10126309",38,91,53
"ZNF276","s329_S_VTA_03_ASEReadCounter.table","NW_015090842.1:10126348",29,90,61
"ZNF276","s329_S_VTA_03_ASEReadCounter.table","NW_015090842.1:10126978",49,100,51
"ZNF276","s329_S_VTA_03_ASEReadCounter.table","NW_015090842.1:10126991",47,92,45
"ZNF276","s329_S_VTA_03_ASEReadCounter.table","NW_015090842.1:10127023",47,90,43
"ZNF276","s329_S_VTA_03_ASEReadCounter.table","NW_015090842.1:10127063",45,91,46
"ZNF276","s329_S_VTA_03_ASEReadCounter.table","NW_015090842.1:10127373",41,83,42
"ZNF276","s329_S_VTA_03_ASEReadCounter.table","NW_015090842.1:10127931",44,91,47
"ZNF276","s329_S_VTA_03_ASEReadCounter.table","NW_015090842.1:10128070",44,102,58
"ZNF276","s329_S_VTA_03_ASEReadCounter.table","NW_015090842.1:10128102",39,94,55
"ZNF276","s329_S_VTA_03_ASEReadCounter.table","NW_015090842.1:10128356",22,70,48
"ZNF276","s329_S_VTA_03_ASEReadCounter.table","NW_015090842.1:10128497",16,41,25
"FANCA","s329_S_VTA_03_ASEReadCounter.table","NW_015090842.1:10128743",0,3,3
"FANCA","s329_S_VTA_03_ASEReadCounter.table","NW_015090842.1:10128822",0,2,2
"FANCA","s329_S_VTA_03_ASEReadCounter.table","NW_015090842.1:10129383",1,2,1
"FANCA","s329_S_VTA_03_ASEReadCounter.table","NW_015090842.1:10129390",1,2,1
"FANCA","s329_S_VTA_03_ASEReadCounter.table","NW_015090842.1:10129422",1,3,2
"FANCA","s329_S_VTA_03_ASEReadCounter.table","NW_015090842.1:10129969",4,7,3
"FANCA","s329_S_VTA_03_ASEReadCounter.table","NW_015090842.1:10130399",2,5,3
"FANCA","s329_S_VTA_03_ASEReadCounter.table","NW_015090842.1:10130857",2,5,3
"FANCA","s329_S_VTA_03_ASEReadCounter.table","NW_015090842.1:10130878",1,2,1
"FANCA","s329_S_VTA_03_ASEReadCounter.table","NW_015090842.1:10133530",0,1,1
"FANCA","s329_S_VTA_03_ASEReadCounter.table","NW_015090842.1:10133533",0,1,1
"FANCA","s329_S_VTA_03_ASEReadCounter.table","NW_015090842.1:10133536",0,1,1
"FANCA","s329_S_VTA_03_ASEReadCounter.table","NW_015090842.1:10133601",1,1,0
"FANCA","s329_S_VTA_03_ASEReadCounter.table","NW_015090842.1:10134492",2,2,0
"FANCA","s329_S_VTA_03_ASEReadCounter.table","NW_015090842.1:10136957",1,1,0
"FANCA","s329_S_VTA_03_ASEReadCounter.table","NW_015090842.1:10136982",1,1,0
"FANCA","s329_S_VTA_03_ASEReadCounter.table","NW_015090842.1:10136999",1,1,0
"FANCA","s329_S_VTA_03_ASEReadCounter.table","NW_015090842.1:10137019",3,4,1
"FANCA","s329_S_VTA_03_ASEReadCounter.table","NW_015090842.1:10137673",4,5,1
"FANCA","s329_S_VTA_03_ASEReadCounter.table","NW_015090842.1:10138618",1,4,3
"FANCA","s329_S_VTA_03_ASEReadCounter.table","NW_015090842.1:10139140",1,2,1
"FANCA","s329_S_VTA_03_ASEReadCounter.table","NW_015090842.1:10140699",1,1,0
"FANCA","s329_S_VTA_03_ASEReadCounter.table","NW_015090842.1:10141234",1,3,2
"FANCA","s329_S_VTA_03_ASEReadCounter.table","NW_015090842.1:10145030",0,1,1
"FANCA","s329_S_VTA_03_ASEReadCounter.table","NW_015090842.1:10150518",1,2,1
"FANCA","s329_S_VTA_03_ASEReadCounter.table","NW_015090842.1:10152863",3,4,1
"FANCA","s329_S_VTA_03_ASEReadCounter.table","NW_015090842.1:10154490",0,1,1
"FANCA","s329_S_VTA_03_ASEReadCounter.table","NW_015090842.1:10158162",1,2,1
"FANCA","s329_S_VTA_03_ASEReadCounter.table","NW_015090842.1:10158957",2,2,0
"FANCA","s329_S_VTA_03_ASEReadCounter.table","NW_015090842.1:10160177",0,1,1
"FANCA","s329_S_VTA_03_ASEReadCounter.table","NW_015090842.1:10163667",0,1,1
"FANCA","s329_S_VTA_03_ASEReadCounter.table","NW_015090842.1:10164257",1,1,0
"SPIRE2","s329_S_VTA_03_ASEReadCounter.table","NW_015090842.1:10172284",33,63,30
"SPIRE2","s329_S_VTA_03_ASEReadCounter.table","NW_015090842.1:10175262",69,129,60
"SPIRE2","s329_S_VTA_03_ASEReadCounter.table","NW_015090842.1:10175352",31,48,17
"SPIRE2","s329_S_VTA_03_ASEReadCounter.table","NW_015090842.1:10175400",79,170,91
"SPIRE2","s329_S_VTA_03_ASEReadCounter.table","NW_015090842.1:10175418",86,186,100
"SPIRE2","s329_S_VTA_03_ASEReadCounter.table","NW_015090842.1:10175704",93,220,127
"SPIRE2","s329_S_VTA_03_ASEReadCounter.table","NW_015090842.1:10176115",137,289,152
"SPIRE2","s329_S_VTA_03_ASEReadCounter.table","NW_015090842.1:10176561",124,283,159
"SPIRE2","s329_S_VTA_03_ASEReadCounter.table","NW_015090842.1:10176817",154,305,151
"SPIRE2","s329_S_VTA_03_ASEReadCounter.table","NW_015090842.1:10177084",73,181,108
"SPIRE2","s329_S_VTA_03_ASEReadCounter.table","NW_015090842.1:10177838",130,300,170
"SPIRE2","s329_S_VTA_03_ASEReadCounter.table","NW_015090842.1:10178000",139,310,171
"SPIRE2","s329_S_VTA_03_ASEReadCounter.table","NW_015090842.1:10178164",149,320,171
"SPIRE2","s329_S_VTA_03_ASEReadCounter.table","NW_015090842.1:10178216",168,343,175
"SPIRE2","s329_S_VTA_03_ASEReadCounter.table","NW_015090842.1:10178303",157,291,134
"SPIRE2","s329_S_VTA_03_ASEReadCounter.table","NW_015090842.1:10178403",150,298,148
"SPIRE2","s329_S_VTA_03_ASEReadCounter.table","NW_015090842.1:10178409",146,286,140
"SPIRE2","s329_S_VTA_03_ASEReadCounter.table","NW_015090842.1:10178524",121,235,114
"SPIRE2","s329_S_VTA_03_ASEReadCounter.table","NW_015090842.1:10178526",121,237,116
"SPIRE2","s329_S_VTA_03_ASEReadCounter.table","NW_015090842.1:10178531",123,241,118
"SPIRE2","s329_S_VTA_03_ASEReadCounter.table","NW_015090842.1:10178565",109,228,119
"SPIRE2","s329_S_VTA_03_ASEReadCounter.table","NW_015090842.1:10178587",98,213,115
"SPIRE2","s329_S_VTA_03_ASEReadCounter.table","NW_015090842.1:10178640",92,192,100
"SPIRE2","s329_S_VTA_03_ASEReadCounter.table","NW_015090842.1:10178651",97,201,104
"SPIRE2","s329_S_VTA_03_ASEReadCounter.table","NW_015090842.1:10178682",85,175,90
"TCF25","s329_S_VTA_03_ASEReadCounter.table","NW_015090842.1:10180912",59,97,38
"TCF25","s329_S_VTA_03_ASEReadCounter.table","NW_015090842.1:10180924",59,98,39
"TCF25","s329_S_VTA_03_ASEReadCounter.table","NW_015090842.1:10180931",58,99,41
"TCF25","s329_S_VTA_03_ASEReadCounter.table","NW_015090842.1:10185332",148,257,109
"TCF25","s329_S_VTA_03_ASEReadCounter.table","NW_015090842.1:10196561",115,214,99
"TCF25","s329_S_VTA_03_ASEReadCounter.table","NW_015090842.1:10197399",123,306,183
"MC1R","s329_S_VTA_03_ASEReadCounter.table","NW_015090842.1:10201853",0,1,1
"MC1R","s329_S_VTA_03_ASEReadCounter.table","NW_015090842.1:10201986",0,3,3
"MC1R","s329_S_VTA_03_ASEReadCounter.table","NW_015090842.1:10202160",2,4,2
"MC1R","s329_S_VTA_03_ASEReadCounter.table","NW_015090842.1:10202447",1,4,3
"TUBB3","s329_S_VTA_03_ASEReadCounter.table","NW_015090842.1:10205322",0,614,614
"GAS8","s329_S_VTA_03_ASEReadCounter.table","NW_015090842.1:10228982",17,41,24
"GAS8","s329_S_VTA_03_ASEReadCounter.table","NW_015090842.1:10229832",19,35,16
"GAS8","s329_S_VTA_03_ASEReadCounter.table","NW_015090842.1:10232901",32,83,51
"GAS8","s329_S_VTA_03_ASEReadCounter.table","NW_015090842.1:10232928",36,79,43
"GAS8","s329_S_VTA_03_ASEReadCounter.table","NW_015090842.1:10232967",41,80,39
"GAS8","s329_S_VTA_03_ASEReadCounter.table","NW_015090842.1:10233032",28,61,33
"GAS8","s329_S_VTA_03_ASEReadCounter.table","NW_015090842.1:10233057",26,52,26
"GAS8","s329_S_VTA_03_ASEReadCounter.table","NW_015090842.1:10233058",26,53,27
"GAS8","s329_S_VTA_03_ASEReadCounter.table","NW_015090842.1:10233176",26,50,24
"GAS8","s329_S_VTA_03_ASEReadCounter.table","NW_015090842.1:10233196",25,50,25
"GAS8","s329_S_VTA_03_ASEReadCounter.table","NW_015090842.1:10233252",17,31,14
"GAS8","s329_S_VTA_03_ASEReadCounter.table","NW_015090842.1:10233303",8,21,13
"LOC106888094","s329_S_VTA_03_ASEReadCounter.table","NW_015090842.1:10233334",1,7,6
"LOC106888094","s329_S_VTA_03_ASEReadCounter.table","NW_015090842.1:10233362",7,31,24
"LOC106888094","s329_S_VTA_03_ASEReadCounter.table","NW_015090842.1:10233373",8,32,24
"LOC106888094","s329_S_VTA_03_ASEReadCounter.table","NW_015090842.1:10233388",11,35,24
"LOC106888094","s329_S_VTA_03_ASEReadCounter.table","NW_015090842.1:10233402",14,39,25
"LOC106888094","s329_S_VTA_03_ASEReadCounter.table","NW_015090842.1:10233465",16,49,33
"LOC106888094","s329_S_VTA_03_ASEReadCounter.table","NW_015090842.1:10233803",20,63,43
"LOC106888094","s329_S_VTA_03_ASEReadCounter.table","NW_015090842.1:10233815",16,48,32
"LOC106888094","s329_S_VTA_03_ASEReadCounter.table","NW_015090842.1:10235484",2,4,2
"LOC106888094","s329_S_VTA_03_ASEReadCounter.table","NW_015090842.1:10235611",2,6,4
"LOC106888094","s329_S_VTA_03_ASEReadCounter.table","NW_015090842.1:10235977",1,3,2
"LOC106888094","s329_S_VTA_03_ASEReadCounter.table","NW_015090842.1:10236098",4,6,2
"LOC106888094","s329_S_VTA_03_ASEReadCounter.table","NW_015090842.1:10236161",3,4,1
"LOC106888094","s329_S_VTA_03_ASEReadCounter.table","NW_015090842.1:10236380",2,4,2
"LOC106888094","s329_S_VTA_03_ASEReadCounter.table","NW_015090842.1:10236388",3,5,2
"LOC106888094","s329_S_VTA_03_ASEReadCounter.table","NW_015090842.1:10236425",3,4,1
"LOC106888094","s329_S_VTA_03_ASEReadCounter.table","NW_015090842.1:10236426",3,4,1
"LOC106888094","s329_S_VTA_03_ASEReadCounter.table","NW_015090842.1:10236603",3,3,0
"LOC106888173","s329_S_VTA_03_ASEReadCounter.table","NW_015090842.1:10239596",3,34,31
"LOC106888173","s329_S_VTA_03_ASEReadCounter.table","NW_015090842.1:10240036",16,67,51
"LOC106888173","s329_S_VTA_03_ASEReadCounter.table","NW_015090842.1:10240095",15,60,45
"LOC106888173","s329_S_VTA_03_ASEReadCounter.table","NW_015090842.1:10240280",16,86,70
"LOC106888173","s329_S_VTA_03_ASEReadCounter.table","NW_015090842.1:10240557",20,102,82
"LOC106888173","s329_S_VTA_03_ASEReadCounter.table","NW_015090842.1:10240603",27,100,73
"LOC106888173","s329_S_VTA_03_ASEReadCounter.table","NW_015090842.1:10240609",27,103,76
"LOC106888173","s329_S_VTA_03_ASEReadCounter.table","NW_015090842.1:10240924",21,82,61
"LOC106888173","s329_S_VTA_03_ASEReadCounter.table","NW_015090842.1:10241037",11,81,70
"LOC106888173","s329_S_VTA_03_ASEReadCounter.table","NW_015090842.1:10241046",13,86,73
"LOC106888173","s329_S_VTA_03_ASEReadCounter.table","NW_015090842.1:10241058",14,92,78
"LOC106888173","s329_S_VTA_03_ASEReadCounter.table","NW_015090842.1:10241064",16,96,80
"LOC106888173","s329_S_VTA_03_ASEReadCounter.table","NW_015090842.1:10241163",19,109,90
"LOC106888173","s329_S_VTA_03_ASEReadCounter.table","NW_015090842.1:10241803",18,121,103
"LOC106888173","s329_S_VTA_03_ASEReadCounter.table","NW_015090842.1:10241827",18,112,94
"LOC106888173","s329_S_VTA_03_ASEReadCounter.table","NW_015090842.1:10241869",24,113,89
"LOC106888173","s329_S_VTA_03_ASEReadCounter.table","NW_015090842.1:10242079",18,81,63
"LOC106888173","s329_S_VTA_03_ASEReadCounter.table","NW_015090842.1:10242103",21,84,63
"LOC106888173","s329_S_VTA_03_ASEReadCounter.table","NW_015090842.1:10242157",28,101,73
"LOC106888173","s329_S_VTA_03_ASEReadCounter.table","NW_015090842.1:10242455",39,116,77
"LOC106888173","s329_S_VTA_03_ASEReadCounter.table","NW_015090842.1:10242481",40,128,88
"LOC106888173","s329_S_VTA_03_ASEReadCounter.table","NW_015090842.1:10242590",30,99,69
"LOC106888173","s329_S_VTA_03_ASEReadCounter.table","NW_015090842.1:10242794",29,112,83
"LOC106888173","s329_S_VTA_03_ASEReadCounter.table","NW_015090842.1:10242909",28,93,65
"LOC106888173","s329_S_VTA_03_ASEReadCounter.table","NW_015090842.1:10243094",34,113,79
"LOC106888173","s329_S_VTA_03_ASEReadCounter.table","NW_015090842.1:10243133",28,102,74
"LOC106888173","s329_S_VTA_03_ASEReadCounter.table","NW_015090842.1:10243273",29,132,103
"LOC106888173","s329_S_VTA_03_ASEReadCounter.table","NW_015090842.1:10243278",28,127,99
"LOC106888173","s329_S_VTA_03_ASEReadCounter.table","NW_015090842.1:10243281",28,128,100
"LOC106888173","s329_S_VTA_03_ASEReadCounter.table","NW_015090842.1:10243347",80,80,0
"LOC106888173","s329_S_VTA_03_ASEReadCounter.table","NW_015090842.1:10243353",27,76,49
"LOC106888173","s329_S_VTA_03_ASEReadCounter.table","NW_015090842.1:10243363",27,65,38
"LOC106888173","s329_S_VTA_03_ASEReadCounter.table","NW_015090842.1:10243365",27,66,39
"LOC106888173","s329_S_VTA_03_ASEReadCounter.table","NW_015090842.1:10243529",20,62,42
"LOC106888173","s329_S_VTA_03_ASEReadCounter.table","NW_015090842.1:10243566",25,87,62
"LOC106888173","s329_S_VTA_03_ASEReadCounter.table","NW_015090842.1:10243605",26,95,69
"LOC106888173","s329_S_VTA_03_ASEReadCounter.table","NW_015090842.1:10243614",22,92,70
"LOC106888173","s329_S_VTA_03_ASEReadCounter.table","NW_015090842.1:10243615",22,89,67
"LOC106888173","s329_S_VTA_03_ASEReadCounter.table","NW_015090842.1:10243640",19,80,61
"LOC106888173","s329_S_VTA_03_ASEReadCounter.table","NW_015090842.1:10243680",18,74,56
"LOC106888173","s329_S_VTA_03_ASEReadCounter.table","NW_015090842.1:10243742",21,76,55
"LOC106888173","s329_S_VTA_03_ASEReadCounter.table","NW_015090842.1:10243804",22,66,44
"LOC106888173","s329_S_VTA_03_ASEReadCounter.table","NW_015090842.1:10243913",14,37,23
"LOC106888173","s329_S_VTA_03_ASEReadCounter.table","NW_015090842.1:10243921",14,34,20
"LOC106888384","s329_S_VTA_03_ASEReadCounter.table","NW_015090842.1:10250743",1,1,0
"LOC106888384","s329_S_VTA_03_ASEReadCounter.table","NW_015090842.1:10250771",1,1,0
"LOC106888384","s329_S_VTA_03_ASEReadCounter.table","NW_015090842.1:10251354",0,7,7
"LOC106888384","s329_S_VTA_03_ASEReadCounter.table","NW_015090842.1:10251358",0,7,7
"LOC106888384","s329_S_VTA_03_ASEReadCounter.table","NW_015090842.1:10251369",0,8,8
"LOC106888384","s329_S_VTA_03_ASEReadCounter.table","NW_015090842.1:10251370",1,8,7
"LOC106888384","s329_S_VTA_03_ASEReadCounter.table","NW_015090842.1:10251375",1,8,7
"LOC106888384","s329_S_VTA_03_ASEReadCounter.table","NW_015090842.1:10251388",1,8,7
"LOC106888384","s329_S_VTA_03_ASEReadCounter.table","NW_015090842.1:10251390",1,8,7
"LOC106888384","s329_S_VTA_03_ASEReadCounter.table","NW_015090842.1:10251393",1,8,7
"LOC106888384","s329_S_VTA_03_ASEReadCounter.table","NW_015090842.1:10251399",1,7,6
"LOC106888384","s329_S_VTA_03_ASEReadCounter.table","NW_015090842.1:10251492",2,2,0
"LOC106888384","s329_S_VTA_03_ASEReadCounter.table","NW_015090842.1:10253165",1,1,0
"LOC106888384","s329_S_VTA_03_ASEReadCounter.table","NW_015090842.1:10253284",2,4,2
"LOC106888384","s329_S_VTA_03_ASEReadCounter.table","NW_015090842.1:10253605",2,2,0
"LOC106888384","s329_S_VTA_03_ASEReadCounter.table","NW_015090842.1:10254028",0,2,2
"LOC106888384","s329_S_VTA_03_ASEReadCounter.table","NW_015090842.1:10254227",1,2,1
"LOC106888384","s329_S_VTA_03_ASEReadCounter.table","NW_015090842.1:10254233",1,2,1
"LOC106888384","s329_S_VTA_03_ASEReadCounter.table","NW_015090842.1:10254263",2,6,4
"LOC106888384","s329_S_VTA_03_ASEReadCounter.table","NW_015090842.1:10254293",1,4,3
"LOC106888384","s329_S_VTA_03_ASEReadCounter.table","NW_015090842.1:10254570",2,2,0
"LOC106888384","s329_S_VTA_03_ASEReadCounter.table","NW_015090842.1:10254647",0,1,1
"LOC106888384","s329_S_VTA_03_ASEReadCounter.table","NW_015090842.1:10254663",0,1,1
"LOC106888384","s329_S_VTA_03_ASEReadCounter.table","NW_015090842.1:10254840",1,2,1
"LOC106888384","s329_S_VTA_03_ASEReadCounter.table","NW_015090842.1:10254854",2,2,0
"LOC106888384","s329_S_VTA_03_ASEReadCounter.table","NW_015090842.1:10254891",3,3,0
"LOC106888384","s329_S_VTA_03_ASEReadCounter.table","NW_015090842.1:10254900",0,3,3
"LOC106888384","s329_S_VTA_03_ASEReadCounter.table","NW_015090842.1:10254915",0,3,3
"LOC106888384","s329_S_VTA_03_ASEReadCounter.table","NW_015090842.1:10254965",1,1,0
"LOC106888384","s329_S_VTA_03_ASEReadCounter.table","NW_015090842.1:10254975",1,1,0
"LOC106888384","s329_S_VTA_03_ASEReadCounter.table","NW_015090842.1:10255117",1,1,0
"LOC106888384","s329_S_VTA_03_ASEReadCounter.table","NW_015090842.1:10255138",1,1,0
"LOC106888384","s329_S_VTA_03_ASEReadCounter.table","NW_015090842.1:10255139",1,1,0
"LOC106888384","s329_S_VTA_03_ASEReadCounter.table","NW_015090842.1:10255209",1,1,0
"LOC106888384","s329_S_VTA_03_ASEReadCounter.table","NW_015090842.1:10255211",1,1,0
"LOC106888384","s329_S_VTA_03_ASEReadCounter.table","NW_015090842.1:10255236",2,2,0
"LOC106888384","s329_S_VTA_03_ASEReadCounter.table","NW_015090842.1:10255262",2,2,0
"LOC106888384","s329_S_VTA_03_ASEReadCounter.table","NW_015090842.1:10255264",2,2,0
"LOC106888384","s329_S_VTA_03_ASEReadCounter.table","NW_015090842.1:10255306",3,3,0
"LOC106888384","s329_S_VTA_03_ASEReadCounter.table","NW_015090842.1:10255340",3,4,1
"LOC106888384","s329_S_VTA_03_ASEReadCounter.table","NW_015090842.1:10255410",3,5,2
"LOC106888384","s329_S_VTA_03_ASEReadCounter.table","NW_015090842.1:10255449",3,5,2
"LOC106888384","s329_S_VTA_03_ASEReadCounter.table","NW_015090842.1:10255496",2,4,2
"LOC106888384","s329_S_VTA_03_ASEReadCounter.table","NW_015090842.1:10255505",3,4,1
"LOC106888384","s329_S_VTA_03_ASEReadCounter.table","NW_015090842.1:10255531",1,3,2
"LOC106888384","s329_S_VTA_03_ASEReadCounter.table","NW_015090842.1:10255608",1,5,4
"LOC106888384","s329_S_VTA_03_ASEReadCounter.table","NW_015090842.1:10255614",2,5,3
"LOC106888384","s329_S_VTA_03_ASEReadCounter.table","NW_015090842.1:10255704",6,7,1
"LOC106888384","s329_S_VTA_03_ASEReadCounter.table","NW_015090842.1:10255731",5,7,2
"LOC106888384","s329_S_VTA_03_ASEReadCounter.table","NW_015090842.1:10255771",2,3,1
"TANGO6","s329_S_VTA_03_ASEReadCounter.table","NW_015090842.1:10257782",10,12,2
"TANGO6","s329_S_VTA_03_ASEReadCounter.table","NW_015090842.1:10258162",13,22,9
"TANGO6","s329_S_VTA_03_ASEReadCounter.table","NW_015090842.1:10258185",15,26,11
"TANGO6","s329_S_VTA_03_ASEReadCounter.table","NW_015090842.1:10259267",18,25,7
"TANGO6","s329_S_VTA_03_ASEReadCounter.table","NW_015090842.1:10260250",62,92,30
"TANGO6","s329_S_VTA_03_ASEReadCounter.table","NW_015090842.1:10260979",33,49,16
"TANGO6","s329_S_VTA_03_ASEReadCounter.table","NW_015090842.1:10261599",35,57,22
"TANGO6","s329_S_VTA_03_ASEReadCounter.table","NW_015090842.1:10268425",56,88,32
"TANGO6","s329_S_VTA_03_ASEReadCounter.table","NW_015090842.1:10269831",52,80,28
"TANGO6","s329_S_VTA_03_ASEReadCounter.table","NW_015090842.1:10270813",47,74,27
"TANGO6","s329_S_VTA_03_ASEReadCounter.table","NW_015090842.1:10273952",35,52,17
"TANGO6","s329_S_VTA_03_ASEReadCounter.table","NW_015090842.1:10273970",34,53,19
"TANGO6","s329_S_VTA_03_ASEReadCounter.table","NW_015090842.1:10274018",39,56,17
"TANGO6","s329_S_VTA_03_ASEReadCounter.table","NW_015090842.1:10275974",42,61,19
"TANGO6","s329_S_VTA_03_ASEReadCounter.table","NW_015090842.1:10275976",42,62,20
"TANGO6","s329_S_VTA_03_ASEReadCounter.table","NW_015090842.1:10276123",39,55,16
"TANGO6","s329_S_VTA_03_ASEReadCounter.table","NW_015090842.1:10276271",40,61,21
"TANGO6","s329_S_VTA_03_ASEReadCounter.table","NW_015090842.1:10276272",38,59,21
"TANGO6","s329_S_VTA_03_ASEReadCounter.table","NW_015090842.1:10276275",42,64,22
"TANGO6","s329_S_VTA_03_ASEReadCounter.table","NW_015090842.1:10276278",43,65,22
"TANGO6","s329_S_VTA_03_ASEReadCounter.table","NW_015090842.1:10276368",30,46,16
"TANGO6","s329_S_VTA_03_ASEReadCounter.table","NW_015090842.1:10276373",28,45,17
"TANGO6","s329_S_VTA_03_ASEReadCounter.table","NW_015090842.1:10276630",35,57,22
"TANGO6","s329_S_VTA_03_ASEReadCounter.table","NW_015090842.1:10281498",41,60,19
"TANGO6","s329_S_VTA_03_ASEReadCounter.table","NW_015090842.1:10282842",28,60,32
"TANGO6","s329_S_VTA_03_ASEReadCounter.table","NW_015090842.1:10282863",21,45,24
"TANGO6","s329_S_VTA_03_ASEReadCounter.table","NW_015090842.1:10282869",25,48,23
"TANGO6","s329_S_VTA_03_ASEReadCounter.table","NW_015090842.1:10282903",33,55,22
"TANGO6","s329_S_VTA_03_ASEReadCounter.table","NW_015090842.1:10283757",41,64,23
"TANGO6","s329_S_VTA_03_ASEReadCounter.table","NW_015090842.1:10283785",50,74,24
"HAS3","s329_S_VTA_03_ASEReadCounter.table","NW_015090842.1:10288093",1,3,2
"HAS3","s329_S_VTA_03_ASEReadCounter.table","NW_015090842.1:10288266",2,2,0
"HAS3","s329_S_VTA_03_ASEReadCounter.table","NW_015090842.1:10288274",3,3,0
"HAS3","s329_S_VTA_03_ASEReadCounter.table","NW_015090842.1:10288364",2,3,1
"HAS3","s329_S_VTA_03_ASEReadCounter.table","NW_015090842.1:10288405",1,2,1
"HAS3","s329_S_VTA_03_ASEReadCounter.table","NW_015090842.1:10289469",2,3,1
"HAS3","s329_S_VTA_03_ASEReadCounter.table","NW_015090842.1:10289708",2,6,4
"HAS3","s329_S_VTA_03_ASEReadCounter.table","NW_015090842.1:10290375",2,2,0
"HAS3","s329_S_VTA_03_ASEReadCounter.table","NW_015090842.1:10290395",2,3,1
"HAS3","s329_S_VTA_03_ASEReadCounter.table","NW_015090842.1:10290561",3,5,2
"HAS3","s329_S_VTA_03_ASEReadCounter.table","NW_015090842.1:10290609",4,6,2
"HAS3","s329_S_VTA_03_ASEReadCounter.table","NW_015090842.1:10290666",3,6,3
"HAS3","s329_S_VTA_03_ASEReadCounter.table","NW_015090842.1:10290723",2,4,2
"HAS3","s329_S_VTA_03_ASEReadCounter.table","NW_015090842.1:10290927",1,5,4
"HAS3","s329_S_VTA_03_ASEReadCounter.table","NW_015090842.1:10291004",1,5,4
"CHTF8","s329_S_VTA_03_ASEReadCounter.table","NW_015090842.1:10291319",5,10,5
"CHTF8","s329_S_VTA_03_ASEReadCounter.table","NW_015090842.1:10291342",4,8,4
"CHTF8","s329_S_VTA_03_ASEReadCounter.table","NW_015090842.1:10291491",7,12,5
"CHTF8","s329_S_VTA_03_ASEReadCounter.table","NW_015090842.1:10291520",7,14,7
"CHTF8","s329_S_VTA_03_ASEReadCounter.table","NW_015090842.1:10291593",18,24,6
"CHTF8","s329_S_VTA_03_ASEReadCounter.table","NW_015090842.1:10291600",18,23,5
"CHTF8","s329_S_VTA_03_ASEReadCounter.table","NW_015090842.1:10291609",20,23,3
"CHTF8","s329_S_VTA_03_ASEReadCounter.table","NW_015090842.1:10291639",16,20,4
"CHTF8","s329_S_VTA_03_ASEReadCounter.table","NW_015090842.1:10291641",15,19,4
"CHTF8","s329_S_VTA_03_ASEReadCounter.table","NW_015090842.1:10291648",19,26,7
"CHTF8","s329_S_VTA_03_ASEReadCounter.table","NW_015090842.1:10291656",18,27,9
"CHTF8","s329_S_VTA_03_ASEReadCounter.table","NW_015090842.1:10291675",17,26,9
"CHTF8","s329_S_VTA_03_ASEReadCounter.table","NW_015090842.1:10291696",17,25,8
"CHTF8","s329_S_VTA_03_ASEReadCounter.table","NW_015090842.1:10291714",14,21,7
"CHTF8","s329_S_VTA_03_ASEReadCounter.table","NW_015090842.1:10291732",19,27,8
"CHTF8","s329_S_VTA_03_ASEReadCounter.table","NW_015090842.1:10291755",14,19,5
"CHTF8","s329_S_VTA_03_ASEReadCounter.table","NW_015090842.1:10291756",15,19,4
"CHTF8","s329_S_VTA_03_ASEReadCounter.table","NW_015090842.1:10291758",15,19,4
"CHTF8","s329_S_VTA_03_ASEReadCounter.table","NW_015090842.1:10291792",16,24,8
"CHTF8","s329_S_VTA_03_ASEReadCounter.table","NW_015090842.1:10291895",12,18,6
"CHTF8","s329_S_VTA_03_ASEReadCounter.table","NW_015090842.1:10292132",9,17,8
"CHTF8","s329_S_VTA_03_ASEReadCounter.table","NW_015090842.1:10292314",11,22,11
"CHTF8","s329_S_VTA_03_ASEReadCounter.table","NW_015090842.1:10292317",12,22,10
"CHTF8","s329_S_VTA_03_ASEReadCounter.table","NW_015090842.1:10292928",3,4,1
"UTP4","s329_S_VTA_03_ASEReadCounter.table","NW_015090842.1:10293146",15,30,15
"UTP4","s329_S_VTA_03_ASEReadCounter.table","NW_015090842.1:10293151",16,31,15
"UTP4","s329_S_VTA_03_ASEReadCounter.table","NW_015090842.1:10293191",10,22,12
"UTP4","s329_S_VTA_03_ASEReadCounter.table","NW_015090842.1:10293362",20,36,16
"UTP4","s329_S_VTA_03_ASEReadCounter.table","NW_015090842.1:10293430",18,42,24
"UTP4","s329_S_VTA_03_ASEReadCounter.table","NW_015090842.1:10293625",16,32,16
"UTP4","s329_S_VTA_03_ASEReadCounter.table","NW_015090842.1:10293684",16,38,22
"UTP4","s329_S_VTA_03_ASEReadCounter.table","NW_015090842.1:10294093",18,35,17
"UTP4","s329_S_VTA_03_ASEReadCounter.table","NW_015090842.1:10294568",16,36,20
"UTP4","s329_S_VTA_03_ASEReadCounter.table","NW_015090842.1:10294622",19,37,18
"UTP4","s329_S_VTA_03_ASEReadCounter.table","NW_015090842.1:10294632",19,37,18
"UTP4","s329_S_VTA_03_ASEReadCounter.table","NW_015090842.1:10295238",11,34,23
"UTP4","s329_S_VTA_03_ASEReadCounter.table","NW_015090842.1:10295880",15,38,23
"UTP4","s329_S_VTA_03_ASEReadCounter.table","NW_015090842.1:10295884",15,38,23
"UTP4","s329_S_VTA_03_ASEReadCounter.table","NW_015090842.1:10295903",14,36,22
"UTP4","s329_S_VTA_03_ASEReadCounter.table","NW_015090842.1:10295906",15,38,23
"UTP4","s329_S_VTA_03_ASEReadCounter.table","NW_015090842.1:10295915",16,41,25
"UTP4","s329_S_VTA_03_ASEReadCounter.table","NW_015090842.1:10295938",18,42,24
"UTP4","s329_S_VTA_03_ASEReadCounter.table","NW_015090842.1:10296175",20,32,12
"UTP4","s329_S_VTA_03_ASEReadCounter.table","NW_015090842.1:10296660",19,32,13
"UTP4","s329_S_VTA_03_ASEReadCounter.table","NW_015090842.1:10296679",15,36,21
"UTP4","s329_S_VTA_03_ASEReadCounter.table","NW_015090842.1:10297193",26,51,25
"UTP4","s329_S_VTA_03_ASEReadCounter.table","NW_015090842.1:10297220",25,45,20
"UTP4","s329_S_VTA_03_ASEReadCounter.table","NW_015090842.1:10297307",28,65,37
"UTP4","s329_S_VTA_03_ASEReadCounter.table","NW_015090842.1:10297558",27,64,37
"UTP4","s329_S_VTA_03_ASEReadCounter.table","NW_015090842.1:10297943",17,44,27
"UTP4","s329_S_VTA_03_ASEReadCounter.table","NW_015090842.1:10297979",17,37,20
"UTP4","s329_S_VTA_03_ASEReadCounter.table","NW_015090842.1:10298022",14,27,13
"UTP4","s329_S_VTA_03_ASEReadCounter.table","NW_015090842.1:10298079",3,8,5
"UTP4","s329_S_VTA_03_ASEReadCounter.table","NW_015090842.1:10298081",3,8,5
"UTP4","s329_S_VTA_03_ASEReadCounter.table","NW_015090842.1:10298082",3,8,5
"SNTB2","s329_S_VTA_03_ASEReadCounter.table","NW_015090842.1:10303506",4,10,6
"SNTB2","s329_S_VTA_03_ASEReadCounter.table","NW_015090842.1:10303524",5,11,6
"SNTB2","s329_S_VTA_03_ASEReadCounter.table","NW_015090842.1:10304059",3,10,7
"SNTB2","s329_S_VTA_03_ASEReadCounter.table","NW_015090842.1:10304089",2,6,4
"SNTB2","s329_S_VTA_03_ASEReadCounter.table","NW_015090842.1:10304167",2,5,3
"SNTB2","s329_S_VTA_03_ASEReadCounter.table","NW_015090842.1:10304176",1,4,3
"SNTB2","s329_S_VTA_03_ASEReadCounter.table","NW_015090842.1:10305069",2,5,3
"SNTB2","s329_S_VTA_03_ASEReadCounter.table","NW_015090842.1:10305099",2,9,7
"SNTB2","s329_S_VTA_03_ASEReadCounter.table","NW_015090842.1:10305451",3,6,3
"SNTB2","s329_S_VTA_03_ASEReadCounter.table","NW_015090842.1:10305547",3,7,4
"SNTB2","s329_S_VTA_03_ASEReadCounter.table","NW_015090842.1:10305847",7,11,4
"SNTB2","s329_S_VTA_03_ASEReadCounter.table","NW_015090842.1:10305911",8,11,3
"SNTB2","s329_S_VTA_03_ASEReadCounter.table","NW_015090842.1:10306173",6,9,3
"SNTB2","s329_S_VTA_03_ASEReadCounter.table","NW_015090842.1:10306275",3,9,6
"SNTB2","s329_S_VTA_03_ASEReadCounter.table","NW_015090842.1:10306457",1,10,9
"SNTB2","s329_S_VTA_03_ASEReadCounter.table","NW_015090842.1:10306496",1,10,9
"SNTB2","s329_S_VTA_03_ASEReadCounter.table","NW_015090842.1:10306499",1,9,8
"VPS4A","s329_S_VTA_03_ASEReadCounter.table","NW_015090842.1:10308566",102,200,98
"VPS4A","s329_S_VTA_03_ASEReadCounter.table","NW_015090842.1:10308573",109,212,103
"VPS4A","s329_S_VTA_03_ASEReadCounter.table","NW_015090842.1:10308856",159,335,176
"VPS4A","s329_S_VTA_03_ASEReadCounter.table","NW_015090842.1:10309056",185,371,186
"VPS4A","s329_S_VTA_03_ASEReadCounter.table","NW_015090842.1:10309089",216,410,194
"VPS4A","s329_S_VTA_03_ASEReadCounter.table","NW_015090842.1:10309392",229,423,194
"VPS4A","s329_S_VTA_03_ASEReadCounter.table","NW_015090842.1:10309413",217,420,203
"VPS4A","s329_S_VTA_03_ASEReadCounter.table","NW_015090842.1:10309467",235,480,245
"VPS4A","s329_S_VTA_03_ASEReadCounter.table","NW_015090842.1:10310230",225,505,280
"VPS4A","s329_S_VTA_03_ASEReadCounter.table","NW_015090842.1:10310425",184,424,240
"VPS4A","s329_S_VTA_03_ASEReadCounter.table","NW_015090842.1:10310639",253,494,241
"VPS4A","s329_S_VTA_03_ASEReadCounter.table","NW_015090842.1:10310640",489,489,0
"VPS4A","s329_S_VTA_03_ASEReadCounter.table","NW_015090842.1:10310687",271,536,265
"VPS4A","s329_S_VTA_03_ASEReadCounter.table","NW_015090842.1:10310734",208,414,206
"VPS4A","s329_S_VTA_03_ASEReadCounter.table","NW_015090842.1:10310737",212,419,207
"VPS4A","s329_S_VTA_03_ASEReadCounter.table","NW_015090842.1:10310746",217,420,203
"VPS4A","s329_S_VTA_03_ASEReadCounter.table","NW_015090842.1:10310767",208,428,220
"VPS4A","s329_S_VTA_03_ASEReadCounter.table","NW_015090842.1:10310995",206,430,224
"VPS4A","s329_S_VTA_03_ASEReadCounter.table","NW_015090842.1:10311004",206,414,208
"VPS4A","s329_S_VTA_03_ASEReadCounter.table","NW_015090842.1:10311007",202,420,218
"VPS4A","s329_S_VTA_03_ASEReadCounter.table","NW_015090842.1:10311013",215,430,215
"VPS4A","s329_S_VTA_03_ASEReadCounter.table","NW_015090842.1:10311022",199,410,211
"VPS4A","s329_S_VTA_03_ASEReadCounter.table","NW_015090842.1:10311023",198,410,212
"VPS4A","s329_S_VTA_03_ASEReadCounter.table","NW_015090842.1:10311426",226,463,237
"VPS4A","s329_S_VTA_03_ASEReadCounter.table","NW_015090842.1:10311489",0,9,9
"VPS4A","s329_S_VTA_03_ASEReadCounter.table","NW_015090842.1:10311490",0,7,7
"VPS4A","s329_S_VTA_03_ASEReadCounter.table","NW_015090842.1:10311525",6,14,8
"VPS4A","s329_S_VTA_03_ASEReadCounter.table","NW_015090842.1:10311529",6,19,13
"VPS4A","s329_S_VTA_03_ASEReadCounter.table","NW_015090842.1:10311530",6,22,16
"VPS4A","s329_S_VTA_03_ASEReadCounter.table","NW_015090842.1:10311552",32,57,25
"VPS4A","s329_S_VTA_03_ASEReadCounter.table","NW_015090842.1:10311689",25,55,30
"VPS4A","s329_S_VTA_03_ASEReadCounter.table","NW_015090842.1:10311700",39,71,32
"VPS4A","s329_S_VTA_03_ASEReadCounter.table","NW_015090842.1:10311701",38,72,34
"VPS4A","s329_S_VTA_03_ASEReadCounter.table","NW_015090842.1:10311703",39,75,36
"COG8","s329_S_VTA_03_ASEReadCounter.table","NW_015090842.1:10313487",20,53,33
"COG8","s329_S_VTA_03_ASEReadCounter.table","NW_015090842.1:10313559",38,72,34
"COG8","s329_S_VTA_03_ASEReadCounter.table","NW_015090842.1:10313579",45,78,33
"COG8","s329_S_VTA_03_ASEReadCounter.table","NW_015090842.1:10313665",32,57,25
"COG8","s329_S_VTA_03_ASEReadCounter.table","NW_015090842.1:10313681",29,51,22
"COG8","s329_S_VTA_03_ASEReadCounter.table","NW_015090842.1:10313768",45,86,41
"COG8","s329_S_VTA_03_ASEReadCounter.table","NW_015090842.1:10313775",47,92,45
"COG8","s329_S_VTA_03_ASEReadCounter.table","NW_015090842.1:10313811",39,79,40
"COG8","s329_S_VTA_03_ASEReadCounter.table","NW_015090842.1:10313858",33,67,34
"COG8","s329_S_VTA_03_ASEReadCounter.table","NW_015090842.1:10313859",33,67,34
"COG8","s329_S_VTA_03_ASEReadCounter.table","NW_015090842.1:10314100",44,87,43
"COG8","s329_S_VTA_03_ASEReadCounter.table","NW_015090842.1:10314213",40,81,41
"COG8","s329_S_VTA_03_ASEReadCounter.table","NW_015090842.1:10315093",28,59,31
"COG8","s329_S_VTA_03_ASEReadCounter.table","NW_015090842.1:10315162",23,57,34
"COG8","s329_S_VTA_03_ASEReadCounter.table","NW_015090842.1:10315285",36,79,43
"COG8","s329_S_VTA_03_ASEReadCounter.table","NW_015090842.1:10315360",30,64,34
"COG8","s329_S_VTA_03_ASEReadCounter.table","NW_015090842.1:10315369",32,65,33
"COG8","s329_S_VTA_03_ASEReadCounter.table","NW_015090842.1:10315508",14,30,16
"COG8","s329_S_VTA_03_ASEReadCounter.table","NW_015090842.1:10315624",24,49,25
"COG8","s329_S_VTA_03_ASEReadCounter.table","NW_015090842.1:10315693",19,40,21
"COG8","s329_S_VTA_03_ASEReadCounter.table","NW_015090842.1:10315698",20,40,20
"COG8","s329_S_VTA_03_ASEReadCounter.table","NW_015090842.1:10315768",22,40,18
"COG8","s329_S_VTA_03_ASEReadCounter.table","NW_015090842.1:10315769",22,40,18
"COG8","s329_S_VTA_03_ASEReadCounter.table","NW_015090842.1:10315784",21,38,17
"COG8","s329_S_VTA_03_ASEReadCounter.table","NW_015090842.1:10316093",12,34,22
"COG8","s329_S_VTA_03_ASEReadCounter.table","NW_015090842.1:10316133",13,22,9
"NIP7","s329_S_VTA_03_ASEReadCounter.table","NW_015090842.1:10316759",17,39,22
"NIP7","s329_S_VTA_03_ASEReadCounter.table","NW_015090842.1:10316967",101,221,120
"NIP7","s329_S_VTA_03_ASEReadCounter.table","NW_015090842.1:10316995",117,255,138
"NIP7","s329_S_VTA_03_ASEReadCounter.table","NW_015090842.1:10317240",179,372,193
"NIP7","s329_S_VTA_03_ASEReadCounter.table","NW_015090842.1:10317247",172,351,179
"NIP7","s329_S_VTA_03_ASEReadCounter.table","NW_015090842.1:10317264",168,339,171
"NIP7","s329_S_VTA_03_ASEReadCounter.table","NW_015090842.1:10317433",192,407,215
"NIP7","s329_S_VTA_03_ASEReadCounter.table","NW_015090842.1:10317738",168,340,172
"NIP7","s329_S_VTA_03_ASEReadCounter.table","NW_015090842.1:10317769",170,337,167
"NIP7","s329_S_VTA_03_ASEReadCounter.table","NW_015090842.1:10317808",106,195,89
"NIP7","s329_S_VTA_03_ASEReadCounter.table","NW_015090842.1:10317870",56,128,72
"NIP7","s329_S_VTA_03_ASEReadCounter.table","NW_015090842.1:10317871",56,123,67
"NIP7","s329_S_VTA_03_ASEReadCounter.table","NW_015090842.1:10317898",43,93,50
"NIP7","s329_S_VTA_03_ASEReadCounter.table","NW_015090842.1:10317911",39,84,45
"TMED6","s329_S_VTA_03_ASEReadCounter.table","NW_015090842.1:10318514",0,1,1
"TMED6","s329_S_VTA_03_ASEReadCounter.table","NW_015090842.1:10318731",2,5,3
"TERF2","s329_S_VTA_03_ASEReadCounter.table","NW_015090842.1:10321768",22,53,31
"TERF2","s329_S_VTA_03_ASEReadCounter.table","NW_015090842.1:10321777",21,51,30
"TERF2","s329_S_VTA_03_ASEReadCounter.table","NW_015090842.1:10321805",25,61,36
"TERF2","s329_S_VTA_03_ASEReadCounter.table","NW_015090842.1:10321878",39,96,57
"TERF2","s329_S_VTA_03_ASEReadCounter.table","NW_015090842.1:10321893",40,94,54
"TERF2","s329_S_VTA_03_ASEReadCounter.table","NW_015090842.1:10321897",39,89,50
"TERF2","s329_S_VTA_03_ASEReadCounter.table","NW_015090842.1:10321908",33,85,52
"TERF2","s329_S_VTA_03_ASEReadCounter.table","NW_015090842.1:10322001",62,135,73
"TERF2","s329_S_VTA_03_ASEReadCounter.table","NW_015090842.1:10322035",58,118,60
"TERF2","s329_S_VTA_03_ASEReadCounter.table","NW_015090842.1:10322051",58,122,64
"TERF2","s329_S_VTA_03_ASEReadCounter.table","NW_015090842.1:10322137",30,76,46
"TERF2","s329_S_VTA_03_ASEReadCounter.table","NW_015090842.1:10322144",26,71,45
"TERF2","s329_S_VTA_03_ASEReadCounter.table","NW_015090842.1:10322388",27,92,65
"TERF2","s329_S_VTA_03_ASEReadCounter.table","NW_015090842.1:10322396",28,89,61
"TERF2","s329_S_VTA_03_ASEReadCounter.table","NW_015090842.1:10322502",37,92,55
"TERF2","s329_S_VTA_03_ASEReadCounter.table","NW_015090842.1:10322504",34,91,57
"TERF2","s329_S_VTA_03_ASEReadCounter.table","NW_015090842.1:10322510",35,90,55
"TERF2","s329_S_VTA_03_ASEReadCounter.table","NW_015090842.1:10323580",54,117,63
"TERF2","s329_S_VTA_03_ASEReadCounter.table","NW_015090842.1:10324314",42,98,56
"TERF2","s329_S_VTA_03_ASEReadCounter.table","NW_015090842.1:10326832",45,83,38
"TERF2","s329_S_VTA_03_ASEReadCounter.table","NW_015090842.1:10327787",22,52,30
"TERF2","s329_S_VTA_03_ASEReadCounter.table","NW_015090842.1:10328588",31,65,34
"TERF2","s329_S_VTA_03_ASEReadCounter.table","NW_015090842.1:10328644",18,50,32
"TERF2","s329_S_VTA_03_ASEReadCounter.table","NW_015090842.1:10329813",21,46,25
"TERF2","s329_S_VTA_03_ASEReadCounter.table","NW_015090842.1:10330749",21,46,25
"TERF2","s329_S_VTA_03_ASEReadCounter.table","NW_015090842.1:10330789",23,48,25
"CYB5B","s329_S_VTA_03_ASEReadCounter.table","NW_015090842.1:10336595",2,13,11
"CYB5B","s329_S_VTA_03_ASEReadCounter.table","NW_015090842.1:10336667",70,123,53
"CYB5B","s329_S_VTA_03_ASEReadCounter.table","NW_015090842.1:10336689",109,193,84
"CYB5B","s329_S_VTA_03_ASEReadCounter.table","NW_015090842.1:10336728",141,274,133
"CYB5B","s329_S_VTA_03_ASEReadCounter.table","NW_015090842.1:10345068",120,262,142
"CYB5B","s329_S_VTA_03_ASEReadCounter.table","NW_015090842.1:10348800",192,381,189
"CYB5B","s329_S_VTA_03_ASEReadCounter.table","NW_015090842.1:10349046",130,285,155
"CYB5B","s329_S_VTA_03_ASEReadCounter.table","NW_015090842.1:10349119",59,218,159
"CYB5B","s329_S_VTA_03_ASEReadCounter.table","NW_015090842.1:10349146",40,206,166
"CYB5B","s329_S_VTA_03_ASEReadCounter.table","NW_015090842.1:10349157",70,249,179
"CYB5B","s329_S_VTA_03_ASEReadCounter.table","NW_015090842.1:10349263",144,239,95
