"gene","id","snp","ref_count","total_count","alt_count"
"CENPN","s329_S_HYP_02_ASEReadCounter.table","NW_015090842.1:5801612",0,2,2
"CENPN","s329_S_HYP_02_ASEReadCounter.table","NW_015090842.1:5801618",0,1,1
"CENPN","s329_S_HYP_02_ASEReadCounter.table","NW_015090842.1:5801623",0,2,2
"CENPN","s329_S_HYP_02_ASEReadCounter.table","NW_015090842.1:5801631",0,2,2
"CENPN","s329_S_HYP_02_ASEReadCounter.table","NW_015090842.1:5801632",0,2,2
"CENPN","s329_S_HYP_02_ASEReadCounter.table","NW_015090842.1:5801655",0,2,2
"CENPN","s329_S_HYP_02_ASEReadCounter.table","NW_015090842.1:5801670",0,2,2
"CENPN","s329_S_HYP_02_ASEReadCounter.table","NW_015090842.1:5801674",0,1,1
"CENPN","s329_S_HYP_02_ASEReadCounter.table","NW_015090842.1:5802008",0,5,5
"CENPN","s329_S_HYP_02_ASEReadCounter.table","NW_015090842.1:5802012",0,6,6
"CENPN","s329_S_HYP_02_ASEReadCounter.table","NW_015090842.1:5802087",0,7,7
"CENPN","s329_S_HYP_02_ASEReadCounter.table","NW_015090842.1:5810113",8,8,0
"CENPN","s329_S_HYP_02_ASEReadCounter.table","NW_015090842.1:5810147",10,10,0
"CENPN","s329_S_HYP_02_ASEReadCounter.table","NW_015090842.1:5810148",10,10,0
"ATMIN","s329_S_HYP_02_ASEReadCounter.table","NW_015090842.1:5818789",0,2,2
"ATMIN","s329_S_HYP_02_ASEReadCounter.table","NW_015090842.1:5819958",5,7,2
"ATMIN","s329_S_HYP_02_ASEReadCounter.table","NW_015090842.1:5820004",7,9,2
"ATMIN","s329_S_HYP_02_ASEReadCounter.table","NW_015090842.1:5820217",1,3,2
"ATMIN","s329_S_HYP_02_ASEReadCounter.table","NW_015090842.1:5820250",5,7,2
"ATMIN","s329_S_HYP_02_ASEReadCounter.table","NW_015090842.1:5820298",5,9,4
"ATMIN","s329_S_HYP_02_ASEReadCounter.table","NW_015090842.1:5820417",2,11,9
"ATMIN","s329_S_HYP_02_ASEReadCounter.table","NW_015090842.1:5820421",2,11,9
"ATMIN","s329_S_HYP_02_ASEReadCounter.table","NW_015090842.1:5820448",2,10,8
"ATMIN","s329_S_HYP_02_ASEReadCounter.table","NW_015090842.1:5820457",2,9,7
"ATMIN","s329_S_HYP_02_ASEReadCounter.table","NW_015090842.1:5820510",3,9,6
"ATMIN","s329_S_HYP_02_ASEReadCounter.table","NW_015090842.1:5820673",2,8,6
"ATMIN","s329_S_HYP_02_ASEReadCounter.table","NW_015090842.1:5820754",2,9,7
"ATMIN","s329_S_HYP_02_ASEReadCounter.table","NW_015090842.1:5820820",3,8,5
"ATMIN","s329_S_HYP_02_ASEReadCounter.table","NW_015090842.1:5820865",5,12,7
"ATMIN","s329_S_HYP_02_ASEReadCounter.table","NW_015090842.1:5820889",7,13,6
"ATMIN","s329_S_HYP_02_ASEReadCounter.table","NW_015090842.1:5820891",7,13,6
"ATMIN","s329_S_HYP_02_ASEReadCounter.table","NW_015090842.1:5820997",3,11,8
"ATMIN","s329_S_HYP_02_ASEReadCounter.table","NW_015090842.1:5821063",5,13,8
"ATMIN","s329_S_HYP_02_ASEReadCounter.table","NW_015090842.1:5821132",3,8,5
"ATMIN","s329_S_HYP_02_ASEReadCounter.table","NW_015090842.1:5821645",14,24,10
"ATMIN","s329_S_HYP_02_ASEReadCounter.table","NW_015090842.1:5825066",13,35,22
"ATMIN","s329_S_HYP_02_ASEReadCounter.table","NW_015090842.1:5825106",15,36,21
"ATMIN","s329_S_HYP_02_ASEReadCounter.table","NW_015090842.1:5825122",10,35,25
"ATMIN","s329_S_HYP_02_ASEReadCounter.table","NW_015090842.1:5825178",14,37,23
"ATMIN","s329_S_HYP_02_ASEReadCounter.table","NW_015090842.1:5825194",17,42,25
"ATMIN","s329_S_HYP_02_ASEReadCounter.table","NW_015090842.1:5825195",17,42,25
"ATMIN","s329_S_HYP_02_ASEReadCounter.table","NW_015090842.1:5825220",19,38,19
"ATMIN","s329_S_HYP_02_ASEReadCounter.table","NW_015090842.1:5825240",22,40,18
"ATMIN","s329_S_HYP_02_ASEReadCounter.table","NW_015090842.1:5825303",19,45,26
"ATMIN","s329_S_HYP_02_ASEReadCounter.table","NW_015090842.1:5825304",19,47,28
"ATMIN","s329_S_HYP_02_ASEReadCounter.table","NW_015090842.1:5825310",19,50,31
"ATMIN","s329_S_HYP_02_ASEReadCounter.table","NW_015090842.1:5825406",17,42,25
"ATMIN","s329_S_HYP_02_ASEReadCounter.table","NW_015090842.1:5825415",18,43,25
"ATMIN","s329_S_HYP_02_ASEReadCounter.table","NW_015090842.1:5825438",19,38,19
"ATMIN","s329_S_HYP_02_ASEReadCounter.table","NW_015090842.1:5825485",20,37,17
"ATMIN","s329_S_HYP_02_ASEReadCounter.table","NW_015090842.1:5825524",22,43,21
"ATMIN","s329_S_HYP_02_ASEReadCounter.table","NW_015090842.1:5825557",24,47,23
"ATMIN","s329_S_HYP_02_ASEReadCounter.table","NW_015090842.1:5825571",24,44,20
"ATMIN","s329_S_HYP_02_ASEReadCounter.table","NW_015090842.1:5825579",26,49,23
"ATMIN","s329_S_HYP_02_ASEReadCounter.table","NW_015090842.1:5825590",28,47,19
"ATMIN","s329_S_HYP_02_ASEReadCounter.table","NW_015090842.1:5825689",24,49,25
"ATMIN","s329_S_HYP_02_ASEReadCounter.table","NW_015090842.1:5825703",26,53,27
"ATMIN","s329_S_HYP_02_ASEReadCounter.table","NW_015090842.1:5825787",33,52,19
"ATMIN","s329_S_HYP_02_ASEReadCounter.table","NW_015090842.1:5825833",33,59,26
"ATMIN","s329_S_HYP_02_ASEReadCounter.table","NW_015090842.1:5825841",30,53,23
"ATMIN","s329_S_HYP_02_ASEReadCounter.table","NW_015090842.1:5825895",35,62,27
"ATMIN","s329_S_HYP_02_ASEReadCounter.table","NW_015090842.1:5825984",21,54,33
"ATMIN","s329_S_HYP_02_ASEReadCounter.table","NW_015090842.1:5826162",26,56,30
"ATMIN","s329_S_HYP_02_ASEReadCounter.table","NW_015090842.1:5826194",27,61,34
"ATMIN","s329_S_HYP_02_ASEReadCounter.table","NW_015090842.1:5826235",34,71,37
"ATMIN","s329_S_HYP_02_ASEReadCounter.table","NW_015090842.1:5826245",32,67,35
"ATMIN","s329_S_HYP_02_ASEReadCounter.table","NW_015090842.1:5826335",24,40,16
"ATMIN","s329_S_HYP_02_ASEReadCounter.table","NW_015090842.1:5826417",25,48,23
"ATMIN","s329_S_HYP_02_ASEReadCounter.table","NW_015090842.1:5826431",21,53,32
"ATMIN","s329_S_HYP_02_ASEReadCounter.table","NW_015090842.1:5826438",21,47,26
"ATMIN","s329_S_HYP_02_ASEReadCounter.table","NW_015090842.1:5826463",28,63,35
"ATMIN","s329_S_HYP_02_ASEReadCounter.table","NW_015090842.1:5826502",32,67,35
"ATMIN","s329_S_HYP_02_ASEReadCounter.table","NW_015090842.1:5826511",34,74,40
"ATMIN","s329_S_HYP_02_ASEReadCounter.table","NW_015090842.1:5826659",35,66,31
"ATMIN","s329_S_HYP_02_ASEReadCounter.table","NW_015090842.1:5826701",34,60,26
"ATMIN","s329_S_HYP_02_ASEReadCounter.table","NW_015090842.1:5826702",33,59,26
"ATMIN","s329_S_HYP_02_ASEReadCounter.table","NW_015090842.1:5826732",37,74,37
"ATMIN","s329_S_HYP_02_ASEReadCounter.table","NW_015090842.1:5826745",39,74,35
"ATMIN","s329_S_HYP_02_ASEReadCounter.table","NW_015090842.1:5826835",46,89,43
"ATMIN","s329_S_HYP_02_ASEReadCounter.table","NW_015090842.1:5826910",42,72,30
"ATMIN","s329_S_HYP_02_ASEReadCounter.table","NW_015090842.1:5826942",32,73,41
"ATMIN","s329_S_HYP_02_ASEReadCounter.table","NW_015090842.1:5827193",45,111,66
"ATMIN","s329_S_HYP_02_ASEReadCounter.table","NW_015090842.1:5827196",43,109,66
"ATMIN","s329_S_HYP_02_ASEReadCounter.table","NW_015090842.1:5827269",34,100,66
"ATMIN","s329_S_HYP_02_ASEReadCounter.table","NW_015090842.1:5827315",24,76,52
"ATMIN","s329_S_HYP_02_ASEReadCounter.table","NW_015090842.1:5827316",24,81,57
"ATMIN","s329_S_HYP_02_ASEReadCounter.table","NW_015090842.1:5827333",25,83,58
"PPP1R3E","s329_S_HYP_02_ASEReadCounter.table","NW_015090842.1:5837733",6,9,3
"PPP1R3E","s329_S_HYP_02_ASEReadCounter.table","NW_015090842.1:5837947",4,5,1
"PKD1L2","s329_S_HYP_02_ASEReadCounter.table","NW_015090842.1:5867597",1,1,0
"PKD1L2","s329_S_HYP_02_ASEReadCounter.table","NW_015090842.1:5867600",1,1,0
"PKD1L2","s329_S_HYP_02_ASEReadCounter.table","NW_015090842.1:5867660",2,2,0
"PKD1L2","s329_S_HYP_02_ASEReadCounter.table","NW_015090842.1:5867675",2,2,0
"PKD1L2","s329_S_HYP_02_ASEReadCounter.table","NW_015090842.1:5867788",4,4,0
"PKD1L2","s329_S_HYP_02_ASEReadCounter.table","NW_015090842.1:5867843",3,3,0
"BCO1","s329_S_HYP_02_ASEReadCounter.table","NW_015090842.1:5915610",1,2,1
"BCO1","s329_S_HYP_02_ASEReadCounter.table","NW_015090842.1:5915646",1,2,1
"BCO1","s329_S_HYP_02_ASEReadCounter.table","NW_015090842.1:5917836",1,2,1
"BCO1","s329_S_HYP_02_ASEReadCounter.table","NW_015090842.1:5917912",3,6,3
"BCO1","s329_S_HYP_02_ASEReadCounter.table","NW_015090842.1:5917941",4,6,2
"BCO1","s329_S_HYP_02_ASEReadCounter.table","NW_015090842.1:5917971",6,8,2
"BCO1","s329_S_HYP_02_ASEReadCounter.table","NW_015090842.1:5921679",6,11,5
"BCO1","s329_S_HYP_02_ASEReadCounter.table","NW_015090842.1:5921726",3,9,6
"BCO1","s329_S_HYP_02_ASEReadCounter.table","NW_015090842.1:5925669",9,12,3
"BCO1","s329_S_HYP_02_ASEReadCounter.table","NW_015090842.1:5925753",4,8,4
"BCO1","s329_S_HYP_02_ASEReadCounter.table","NW_015090842.1:5926937",6,11,5
"BCO1","s329_S_HYP_02_ASEReadCounter.table","NW_015090842.1:5927921",4,6,2
"BCO1","s329_S_HYP_02_ASEReadCounter.table","NW_015090842.1:5927948",5,8,3
"BCO1","s329_S_HYP_02_ASEReadCounter.table","NW_015090842.1:5927968",10,13,3
"BCO1","s329_S_HYP_02_ASEReadCounter.table","NW_015090842.1:5928052",11,13,2
"BCO1","s329_S_HYP_02_ASEReadCounter.table","NW_015090842.1:5932726",9,16,7
"BCO1","s329_S_HYP_02_ASEReadCounter.table","NW_015090842.1:5932801",14,18,4
"BCO1","s329_S_HYP_02_ASEReadCounter.table","NW_015090842.1:5934558",16,22,6
"BCO1","s329_S_HYP_02_ASEReadCounter.table","NW_015090842.1:5934575",15,22,7
"BCO1","s329_S_HYP_02_ASEReadCounter.table","NW_015090842.1:5934608",17,25,8
"BCO1","s329_S_HYP_02_ASEReadCounter.table","NW_015090842.1:5934647",20,27,7
"BCO1","s329_S_HYP_02_ASEReadCounter.table","NW_015090842.1:5934725",11,11,0
"BCO1","s329_S_HYP_02_ASEReadCounter.table","NW_015090842.1:5934726",11,11,0
"BCO1","s329_S_HYP_02_ASEReadCounter.table","NW_015090842.1:5934733",10,11,1
"BCO1","s329_S_HYP_02_ASEReadCounter.table","NW_015090842.1:5934821",4,7,3
"BCO1","s329_S_HYP_02_ASEReadCounter.table","NW_015090842.1:5934826",5,10,5
"BCO1","s329_S_HYP_02_ASEReadCounter.table","NW_015090842.1:5934844",4,7,3
"BCO1","s329_S_HYP_02_ASEReadCounter.table","NW_015090842.1:5934958",10,12,2
"BCO1","s329_S_HYP_02_ASEReadCounter.table","NW_015090842.1:5934976",12,15,3
"GAN","s329_S_HYP_02_ASEReadCounter.table","NW_015090842.1:5953759",4,7,3
"GAN","s329_S_HYP_02_ASEReadCounter.table","NW_015090842.1:5957502",3,17,14
"GAN","s329_S_HYP_02_ASEReadCounter.table","NW_015090842.1:5957578",9,23,14
"GAN","s329_S_HYP_02_ASEReadCounter.table","NW_015090842.1:5965028",12,35,23
"GAN","s329_S_HYP_02_ASEReadCounter.table","NW_015090842.1:5966047",13,38,25
"GAN","s329_S_HYP_02_ASEReadCounter.table","NW_015090842.1:5966126",5,23,18
"GAN","s329_S_HYP_02_ASEReadCounter.table","NW_015090842.1:5966127",5,23,18
"GAN","s329_S_HYP_02_ASEReadCounter.table","NW_015090842.1:5966162",10,30,20
"GAN","s329_S_HYP_02_ASEReadCounter.table","NW_015090842.1:5966483",23,55,32
"CMIP","s329_S_HYP_02_ASEReadCounter.table","NW_015090842.1:6109159",24,39,15
"CMIP","s329_S_HYP_02_ASEReadCounter.table","NW_015090842.1:6109166",22,36,14
"CMIP","s329_S_HYP_02_ASEReadCounter.table","NW_015090842.1:6114641",27,59,32
"CMIP","s329_S_HYP_02_ASEReadCounter.table","NW_015090842.1:6114751",16,40,24
"CMIP","s329_S_HYP_02_ASEReadCounter.table","NW_015090842.1:6114824",24,53,29
"CMIP","s329_S_HYP_02_ASEReadCounter.table","NW_015090842.1:6128998",38,77,39
"CMIP","s329_S_HYP_02_ASEReadCounter.table","NW_015090842.1:6130562",70,130,60
"CMIP","s329_S_HYP_02_ASEReadCounter.table","NW_015090842.1:6132522",53,106,53
"CMIP","s329_S_HYP_02_ASEReadCounter.table","NW_015090842.1:6134088",43,99,56
"CMIP","s329_S_HYP_02_ASEReadCounter.table","NW_015090842.1:6138265",56,174,118
"CMIP","s329_S_HYP_02_ASEReadCounter.table","NW_015090842.1:6138300",62,172,110
"CMIP","s329_S_HYP_02_ASEReadCounter.table","NW_015090842.1:6138342",55,143,88
"CMIP","s329_S_HYP_02_ASEReadCounter.table","NW_015090842.1:6138343",55,142,87
"CMIP","s329_S_HYP_02_ASEReadCounter.table","NW_015090842.1:6138345",56,146,90
"CMIP","s329_S_HYP_02_ASEReadCounter.table","NW_015090842.1:6138647",49,121,72
"CMIP","s329_S_HYP_02_ASEReadCounter.table","NW_015090842.1:6138745",67,153,86
"CMIP","s329_S_HYP_02_ASEReadCounter.table","NW_015090842.1:6138832",12,69,57
"CMIP","s329_S_HYP_02_ASEReadCounter.table","NW_015090842.1:6138967",64,142,78
"CMIP","s329_S_HYP_02_ASEReadCounter.table","NW_015090842.1:6139131",31,87,56
"CMIP","s329_S_HYP_02_ASEReadCounter.table","NW_015090842.1:6139163",10,49,39
"CMIP","s329_S_HYP_02_ASEReadCounter.table","NW_015090842.1:6139360",50,67,17
"CMIP","s329_S_HYP_02_ASEReadCounter.table","NW_015090842.1:6139572",17,32,15
"CMIP","s329_S_HYP_02_ASEReadCounter.table","NW_015090842.1:6139773",73,73,0
"PLCG2","s329_S_HYP_02_ASEReadCounter.table","NW_015090842.1:6179613",1,3,2
"PLCG2","s329_S_HYP_02_ASEReadCounter.table","NW_015090842.1:6179658",2,3,1
"PLCG2","s329_S_HYP_02_ASEReadCounter.table","NW_015090842.1:6203766",0,3,3
"PLCG2","s329_S_HYP_02_ASEReadCounter.table","NW_015090842.1:6203775",0,3,3
"PLCG2","s329_S_HYP_02_ASEReadCounter.table","NW_015090842.1:6203787",0,4,4
"PLCG2","s329_S_HYP_02_ASEReadCounter.table","NW_015090842.1:6205047",0,7,7
"PLCG2","s329_S_HYP_02_ASEReadCounter.table","NW_015090842.1:6208541",0,4,4
"PLCG2","s329_S_HYP_02_ASEReadCounter.table","NW_015090842.1:6209741",1,4,3
"PLCG2","s329_S_HYP_02_ASEReadCounter.table","NW_015090842.1:6209798",0,3,3
"PLCG2","s329_S_HYP_02_ASEReadCounter.table","NW_015090842.1:6209816",0,1,1
"PLCG2","s329_S_HYP_02_ASEReadCounter.table","NW_015090842.1:6217547",0,3,3
"PLCG2","s329_S_HYP_02_ASEReadCounter.table","NW_015090842.1:6218641",0,9,9
"PLCG2","s329_S_HYP_02_ASEReadCounter.table","NW_015090842.1:6220552",2,10,8
"PLCG2","s329_S_HYP_02_ASEReadCounter.table","NW_015090842.1:6221969",3,8,5
"PLCG2","s329_S_HYP_02_ASEReadCounter.table","NW_015090842.1:6228672",1,7,6
"PLCG2","s329_S_HYP_02_ASEReadCounter.table","NW_015090842.1:6228694",0,5,5
"PLCG2","s329_S_HYP_02_ASEReadCounter.table","NW_015090842.1:6228722",0,5,5
"PLCG2","s329_S_HYP_02_ASEReadCounter.table","NW_015090842.1:6228747",1,8,7
"PLCG2","s329_S_HYP_02_ASEReadCounter.table","NW_015090842.1:6228835",0,9,9
"PLCG2","s329_S_HYP_02_ASEReadCounter.table","NW_015090842.1:6228841",0,10,10
"PLCG2","s329_S_HYP_02_ASEReadCounter.table","NW_015090842.1:6228865",0,9,9
"PLCG2","s329_S_HYP_02_ASEReadCounter.table","NW_015090842.1:6228917",0,8,8
"PLCG2","s329_S_HYP_02_ASEReadCounter.table","NW_015090842.1:6228926",0,7,7
"PLCG2","s329_S_HYP_02_ASEReadCounter.table","NW_015090842.1:6228954",1,5,4
"PLCG2","s329_S_HYP_02_ASEReadCounter.table","NW_015090842.1:6229002",1,8,7
"PLCG2","s329_S_HYP_02_ASEReadCounter.table","NW_015090842.1:6229006",1,7,6
"PLCG2","s329_S_HYP_02_ASEReadCounter.table","NW_015090842.1:6229081",0,7,7
"PLCG2","s329_S_HYP_02_ASEReadCounter.table","NW_015090842.1:6229097",0,5,5
"PLCG2","s329_S_HYP_02_ASEReadCounter.table","NW_015090842.1:6229160",0,1,1
"PLCG2","s329_S_HYP_02_ASEReadCounter.table","NW_015090842.1:6229213",0,2,2
"PLCG2","s329_S_HYP_02_ASEReadCounter.table","NW_015090842.1:6229231",0,3,3
"PLCG2","s329_S_HYP_02_ASEReadCounter.table","NW_015090842.1:6229663",0,1,1
"PLCG2","s329_S_HYP_02_ASEReadCounter.table","NW_015090842.1:6229748",0,4,4
"PLCG2","s329_S_HYP_02_ASEReadCounter.table","NW_015090842.1:6229892",1,4,3
"PLCG2","s329_S_HYP_02_ASEReadCounter.table","NW_015090842.1:6230248",2,5,3
"PLCG2","s329_S_HYP_02_ASEReadCounter.table","NW_015090842.1:6230255",2,5,3
"PLCG2","s329_S_HYP_02_ASEReadCounter.table","NW_015090842.1:6230296",1,4,3
"PLCG2","s329_S_HYP_02_ASEReadCounter.table","NW_015090842.1:6230349",1,3,2
"PLCG2","s329_S_HYP_02_ASEReadCounter.table","NW_015090842.1:6230381",2,3,1
"PLCG2","s329_S_HYP_02_ASEReadCounter.table","NW_015090842.1:6230408",2,3,1
"PLCG2","s329_S_HYP_02_ASEReadCounter.table","NW_015090842.1:6230439",2,2,0
"PLCG2","s329_S_HYP_02_ASEReadCounter.table","NW_015090842.1:6230898",1,2,1
"PLCG2","s329_S_HYP_02_ASEReadCounter.table","NW_015090842.1:6230976",0,1,1
"PLCG2","s329_S_HYP_02_ASEReadCounter.table","NW_015090842.1:6231078",2,6,4
"PLCG2","s329_S_HYP_02_ASEReadCounter.table","NW_015090842.1:6231138",1,6,5
"PLCG2","s329_S_HYP_02_ASEReadCounter.table","NW_015090842.1:6231177",1,5,4
"PLCG2","s329_S_HYP_02_ASEReadCounter.table","NW_015090842.1:6231263",2,3,1
"PLCG2","s329_S_HYP_02_ASEReadCounter.table","NW_015090842.1:6231309",1,2,1
"SDR42E1","s329_S_HYP_02_ASEReadCounter.table","NW_015090842.1:6235292",0,7,7
"SDR42E1","s329_S_HYP_02_ASEReadCounter.table","NW_015090842.1:6235315",0,9,9
"SDR42E1","s329_S_HYP_02_ASEReadCounter.table","NW_015090842.1:6235348",1,12,11
"SDR42E1","s329_S_HYP_02_ASEReadCounter.table","NW_015090842.1:6235355",1,15,14
"SDR42E1","s329_S_HYP_02_ASEReadCounter.table","NW_015090842.1:6235417",1,17,16
"SDR42E1","s329_S_HYP_02_ASEReadCounter.table","NW_015090842.1:6235526",15,15,0
"SDR42E1","s329_S_HYP_02_ASEReadCounter.table","NW_015090842.1:6235558",0,13,13
"SDR42E1","s329_S_HYP_02_ASEReadCounter.table","NW_015090842.1:6235603",9,13,4
"SDR42E1","s329_S_HYP_02_ASEReadCounter.table","NW_015090842.1:6235741",2,10,8
"SDR42E1","s329_S_HYP_02_ASEReadCounter.table","NW_015090842.1:6235777",1,16,15
"SDR42E1","s329_S_HYP_02_ASEReadCounter.table","NW_015090842.1:6235806",3,17,14
"SDR42E1","s329_S_HYP_02_ASEReadCounter.table","NW_015090842.1:6235809",3,17,14
"SDR42E1","s329_S_HYP_02_ASEReadCounter.table","NW_015090842.1:6235816",3,18,15
"SDR42E1","s329_S_HYP_02_ASEReadCounter.table","NW_015090842.1:6235914",1,7,6
"SDR42E1","s329_S_HYP_02_ASEReadCounter.table","NW_015090842.1:6235935",0,7,7
"SDR42E1","s329_S_HYP_02_ASEReadCounter.table","NW_015090842.1:6235957",0,6,6
"SDR42E1","s329_S_HYP_02_ASEReadCounter.table","NW_015090842.1:6236040",1,6,5
"SDR42E1","s329_S_HYP_02_ASEReadCounter.table","NW_015090842.1:6236260",3,8,5
"SDR42E1","s329_S_HYP_02_ASEReadCounter.table","NW_015090842.1:6236281",4,9,5
"SDR42E1","s329_S_HYP_02_ASEReadCounter.table","NW_015090842.1:6236305",4,12,8
"SDR42E1","s329_S_HYP_02_ASEReadCounter.table","NW_015090842.1:6236458",1,9,8
"SDR42E1","s329_S_HYP_02_ASEReadCounter.table","NW_015090842.1:6236476",1,11,10
"SDR42E1","s329_S_HYP_02_ASEReadCounter.table","NW_015090842.1:6236608",1,11,10
"SDR42E1","s329_S_HYP_02_ASEReadCounter.table","NW_015090842.1:6238244",1,5,4
"HSD17B2","s329_S_HYP_02_ASEReadCounter.table","NW_015090842.1:6257829",0,1,1
"HSD17B2","s329_S_HYP_02_ASEReadCounter.table","NW_015090842.1:6262951",0,5,5
"HSD17B2","s329_S_HYP_02_ASEReadCounter.table","NW_015090842.1:6262974",0,4,4
"HSD17B2","s329_S_HYP_02_ASEReadCounter.table","NW_015090842.1:6266125",0,3,3
"HSD17B2","s329_S_HYP_02_ASEReadCounter.table","NW_015090842.1:6266135",0,3,3
"HSD17B2","s329_S_HYP_02_ASEReadCounter.table","NW_015090842.1:6266918",0,2,2
"HSD17B2","s329_S_HYP_02_ASEReadCounter.table","NW_015090842.1:6266944",0,2,2
"HSD17B2","s329_S_HYP_02_ASEReadCounter.table","NW_015090842.1:6267053",0,1,1
"HSD17B2","s329_S_HYP_02_ASEReadCounter.table","NW_015090842.1:6267196",0,4,4
"HSD17B2","s329_S_HYP_02_ASEReadCounter.table","NW_015090842.1:6267273",0,2,2
"HSD17B2","s329_S_HYP_02_ASEReadCounter.table","NW_015090842.1:6267358",0,2,2
"HSD17B2","s329_S_HYP_02_ASEReadCounter.table","NW_015090842.1:6267913",0,1,1
"HSD17B2","s329_S_HYP_02_ASEReadCounter.table","NW_015090842.1:6268180",0,1,1
"HSD17B2","s329_S_HYP_02_ASEReadCounter.table","NW_015090842.1:6268203",0,1,1
"ARY2","s329_S_HYP_02_ASEReadCounter.table","NW_015090842.1:6303922",31,47,16
"ARY2","s329_S_HYP_02_ASEReadCounter.table","NW_015090842.1:6303954",29,50,21
"ARY2","s329_S_HYP_02_ASEReadCounter.table","NW_015090842.1:6303979",40,61,21
"ARY2","s329_S_HYP_02_ASEReadCounter.table","NW_015090842.1:6305848",30,41,11
"ARY2","s329_S_HYP_02_ASEReadCounter.table","NW_015090842.1:6305856",28,40,12
"ARY2","s329_S_HYP_02_ASEReadCounter.table","NW_015090842.1:6305857",27,39,12
"ARY2","s329_S_HYP_02_ASEReadCounter.table","NW_015090842.1:6306017",23,37,14
"ARY2","s329_S_HYP_02_ASEReadCounter.table","NW_015090842.1:6306052",30,43,13
"ARY2","s329_S_HYP_02_ASEReadCounter.table","NW_015090842.1:6306094",33,48,15
"ARY2","s329_S_HYP_02_ASEReadCounter.table","NW_015090842.1:6306100",35,52,17
"ARY2","s329_S_HYP_02_ASEReadCounter.table","NW_015090842.1:6306146",28,44,16
"ARY2","s329_S_HYP_02_ASEReadCounter.table","NW_015090842.1:6306147",28,44,16
"ARY2","s329_S_HYP_02_ASEReadCounter.table","NW_015090842.1:6306390",42,59,17
"ARY2","s329_S_HYP_02_ASEReadCounter.table","NW_015090842.1:6306567",23,35,12
"ARY2","s329_S_HYP_02_ASEReadCounter.table","NW_015090842.1:6306705",29,37,8
"ARY2","s329_S_HYP_02_ASEReadCounter.table","NW_015090842.1:6306713",10,39,29
"ARY2","s329_S_HYP_02_ASEReadCounter.table","NW_015090842.1:6306773",25,37,12
"ARY2","s329_S_HYP_02_ASEReadCounter.table","NW_015090842.1:6307039",44,58,14
"ARY2","s329_S_HYP_02_ASEReadCounter.table","NW_015090842.1:6307043",47,61,14
"ARY2","s329_S_HYP_02_ASEReadCounter.table","NW_015090842.1:6307093",38,51,13
"ARY2","s329_S_HYP_02_ASEReadCounter.table","NW_015090842.1:6307138",24,36,12
"ARY2","s329_S_HYP_02_ASEReadCounter.table","NW_015090842.1:6307157",31,46,15
"ARY2","s329_S_HYP_02_ASEReadCounter.table","NW_015090842.1:6307187",38,52,14
"ARY2","s329_S_HYP_02_ASEReadCounter.table","NW_015090842.1:6307278",34,43,9
"ARY2","s329_S_HYP_02_ASEReadCounter.table","NW_015090842.1:6307305",32,40,8
"ARY2","s329_S_HYP_02_ASEReadCounter.table","NW_015090842.1:6307318",33,42,9
"ARY2","s329_S_HYP_02_ASEReadCounter.table","NW_015090842.1:6307429",44,62,18
"ARY2","s329_S_HYP_02_ASEReadCounter.table","NW_015090842.1:6307487",34,50,16
"ARY2","s329_S_HYP_02_ASEReadCounter.table","NW_015090842.1:6307670",26,34,8
"ARYL","s329_S_HYP_02_ASEReadCounter.table","NW_015090842.1:6313360",3,4,1
"ARYL","s329_S_HYP_02_ASEReadCounter.table","NW_015090842.1:6313377",2,3,1
"ARYL","s329_S_HYP_02_ASEReadCounter.table","NW_015090842.1:6313767",1,2,1
"ARY1","s329_S_HYP_02_ASEReadCounter.table","NW_015090842.1:6313909",4,8,4
"ARY1","s329_S_HYP_02_ASEReadCounter.table","NW_015090842.1:6314296",7,11,4
"ARY1","s329_S_HYP_02_ASEReadCounter.table","NW_015090842.1:6314541",6,9,3
"ARY1","s329_S_HYP_02_ASEReadCounter.table","NW_015090842.1:6314597",5,8,3
"ARY1","s329_S_HYP_02_ASEReadCounter.table","NW_015090842.1:6314750",5,12,7
"ARY1","s329_S_HYP_02_ASEReadCounter.table","NW_015090842.1:6314794",4,11,7
"ARY1","s329_S_HYP_02_ASEReadCounter.table","NW_015090842.1:6314827",3,6,3
"ARY1","s329_S_HYP_02_ASEReadCounter.table","NW_015090842.1:6314843",3,6,3
"ARY1","s329_S_HYP_02_ASEReadCounter.table","NW_015090842.1:6314859",5,8,3
"ARY1","s329_S_HYP_02_ASEReadCounter.table","NW_015090842.1:6314886",6,9,3
"ARY1","s329_S_HYP_02_ASEReadCounter.table","NW_015090842.1:6314943",5,11,6
"ARY1","s329_S_HYP_02_ASEReadCounter.table","NW_015090842.1:6314949",12,12,0
"ARY1","s329_S_HYP_02_ASEReadCounter.table","NW_015090842.1:6315022",7,14,7
"ARY1","s329_S_HYP_02_ASEReadCounter.table","NW_015090842.1:6315026",6,14,8
"ARY1","s329_S_HYP_02_ASEReadCounter.table","NW_015090842.1:6315043",6,13,7
"ARY1","s329_S_HYP_02_ASEReadCounter.table","NW_015090842.1:6315065",4,11,7
"ARY1","s329_S_HYP_02_ASEReadCounter.table","NW_015090842.1:6315409",7,9,2
"ARY1","s329_S_HYP_02_ASEReadCounter.table","NW_015090842.1:6315479",8,11,3
"ARY1","s329_S_HYP_02_ASEReadCounter.table","NW_015090842.1:6318342",18,26,8
"ARY1","s329_S_HYP_02_ASEReadCounter.table","NW_015090842.1:6318427",17,22,5
"ARY1","s329_S_HYP_02_ASEReadCounter.table","NW_015090842.1:6318603",7,15,8
"ARY1","s329_S_HYP_02_ASEReadCounter.table","NW_015090842.1:6318708",4,11,7
"ARY1","s329_S_HYP_02_ASEReadCounter.table","NW_015090842.1:6318858",12,18,6
"ARY1","s329_S_HYP_02_ASEReadCounter.table","NW_015090842.1:6318952",9,16,7
"MPHOSPH6","s329_S_HYP_02_ASEReadCounter.table","NW_015090842.1:6324063",37,90,53
"MPHOSPH6","s329_S_HYP_02_ASEReadCounter.table","NW_015090842.1:6324174",71,182,111
"MPHOSPH6","s329_S_HYP_02_ASEReadCounter.table","NW_015090842.1:6324270",82,197,115
"MPHOSPH6","s329_S_HYP_02_ASEReadCounter.table","NW_015090842.1:6324762",92,190,98
"MPHOSPH6","s329_S_HYP_02_ASEReadCounter.table","NW_015090842.1:6324772",88,184,96
"MPHOSPH6","s329_S_HYP_02_ASEReadCounter.table","NW_015090842.1:6324780",80,172,92
"MPHOSPH6","s329_S_HYP_02_ASEReadCounter.table","NW_015090842.1:6324902",97,192,95
"MPHOSPH6","s329_S_HYP_02_ASEReadCounter.table","NW_015090842.1:6324910",92,188,96
"MPHOSPH6","s329_S_HYP_02_ASEReadCounter.table","NW_015090842.1:6325066",92,182,90
"MPHOSPH6","s329_S_HYP_02_ASEReadCounter.table","NW_015090842.1:6325089",104,201,97
"MPHOSPH6","s329_S_HYP_02_ASEReadCounter.table","NW_015090842.1:6325298",99,228,129
"MPHOSPH6","s329_S_HYP_02_ASEReadCounter.table","NW_015090842.1:6325877",81,192,111
"MPHOSPH6","s329_S_HYP_02_ASEReadCounter.table","NW_015090842.1:6326976",60,155,95
"CDH13","s329_S_HYP_02_ASEReadCounter.table","NW_015090842.1:6662283",12,33,21
"CDH13","s329_S_HYP_02_ASEReadCounter.table","NW_015090842.1:6693665",20,50,30
"CDH13","s329_S_HYP_02_ASEReadCounter.table","NW_015090842.1:6693697",17,45,28
"CDH13","s329_S_HYP_02_ASEReadCounter.table","NW_015090842.1:6693712",16,40,24
"CDH13","s329_S_HYP_02_ASEReadCounter.table","NW_015090842.1:6693723",15,38,23
"CDH13","s329_S_HYP_02_ASEReadCounter.table","NW_015090842.1:6693738",0,39,39
"CDH13","s329_S_HYP_02_ASEReadCounter.table","NW_015090842.1:6823730",26,54,28
"CDH13","s329_S_HYP_02_ASEReadCounter.table","NW_015090842.1:6889713",37,65,28
"CDH13","s329_S_HYP_02_ASEReadCounter.table","NW_015090842.1:6955167",48,92,44
"MLYCD","s329_S_HYP_02_ASEReadCounter.table","NW_015090842.1:7150054",34,93,59
"MLYCD","s329_S_HYP_02_ASEReadCounter.table","NW_015090842.1:7150131",67,143,76
"MLYCD","s329_S_HYP_02_ASEReadCounter.table","NW_015090842.1:7150585",48,107,59
"MLYCD","s329_S_HYP_02_ASEReadCounter.table","NW_015090842.1:7150686",32,82,50
"MLYCD","s329_S_HYP_02_ASEReadCounter.table","NW_015090842.1:7150696",36,90,54
"MLYCD","s329_S_HYP_02_ASEReadCounter.table","NW_015090842.1:7150698",90,90,0
"MLYCD","s329_S_HYP_02_ASEReadCounter.table","NW_015090842.1:7150869",44,87,43
"MLYCD","s329_S_HYP_02_ASEReadCounter.table","NW_015090842.1:7151100",53,101,48
"MLYCD","s329_S_HYP_02_ASEReadCounter.table","NW_015090842.1:7151127",50,106,56
"MLYCD","s329_S_HYP_02_ASEReadCounter.table","NW_015090842.1:7157538",42,79,37
"MLYCD","s329_S_HYP_02_ASEReadCounter.table","NW_015090842.1:7167662",19,37,18
"MLYCD","s329_S_HYP_02_ASEReadCounter.table","NW_015090842.1:7167675",15,34,19
"MLYCD","s329_S_HYP_02_ASEReadCounter.table","NW_015090842.1:7167710",8,31,23
"MLYCD","s329_S_HYP_02_ASEReadCounter.table","NW_015090842.1:7167781",12,26,14
"MLYCD","s329_S_HYP_02_ASEReadCounter.table","NW_015090842.1:7167803",13,25,12
"MLYCD","s329_S_HYP_02_ASEReadCounter.table","NW_015090842.1:7167812",8,20,12
"MLYCD","s329_S_HYP_02_ASEReadCounter.table","NW_015090842.1:7167845",9,20,11
"MLYCD","s329_S_HYP_02_ASEReadCounter.table","NW_015090842.1:7167862",7,19,12
"MLYCD","s329_S_HYP_02_ASEReadCounter.table","NW_015090842.1:7167929",10,18,8
"MLYCD","s329_S_HYP_02_ASEReadCounter.table","NW_015090842.1:7167995",7,14,7
"MLYCD","s329_S_HYP_02_ASEReadCounter.table","NW_015090842.1:7168005",7,13,6
"MLYCD","s329_S_HYP_02_ASEReadCounter.table","NW_015090842.1:7168037",5,9,4
"HSBP1","s329_S_HYP_02_ASEReadCounter.table","NW_015090842.1:7245192",315,551,236
"HSBP1","s329_S_HYP_02_ASEReadCounter.table","NW_015090842.1:7245226",369,664,295
"HSBP1","s329_S_HYP_02_ASEReadCounter.table","NW_015090842.1:7245257",332,594,262
"HSBP1","s329_S_HYP_02_ASEReadCounter.table","NW_015090842.1:7245296",306,611,305
"HSBP1","s329_S_HYP_02_ASEReadCounter.table","NW_015090842.1:7245389",436,804,368
"HSBP1","s329_S_HYP_02_ASEReadCounter.table","NW_015090842.1:7245400",449,785,336
"HSBP1","s329_S_HYP_02_ASEReadCounter.table","NW_015090842.1:7245445",408,746,338
"HSBP1","s329_S_HYP_02_ASEReadCounter.table","NW_015090842.1:7245495",414,748,334
"HSBP1","s329_S_HYP_02_ASEReadCounter.table","NW_015090842.1:7245515",469,831,362
"HSBP1","s329_S_HYP_02_ASEReadCounter.table","NW_015090842.1:7245733",252,507,255
"HSBP1","s329_S_HYP_02_ASEReadCounter.table","NW_015090842.1:7245771",313,569,256
"HSBP1","s329_S_HYP_02_ASEReadCounter.table","NW_015090842.1:7245813",295,499,204
"HSBP1","s329_S_HYP_02_ASEReadCounter.table","NW_015090842.1:7245926",341,588,247
"HSBP1","s329_S_HYP_02_ASEReadCounter.table","NW_015090842.1:7245927",341,591,250
"HSBP1","s329_S_HYP_02_ASEReadCounter.table","NW_015090842.1:7245933",331,571,240
"HSBP1","s329_S_HYP_02_ASEReadCounter.table","NW_015090842.1:7246002",259,455,196
"HSBP1","s329_S_HYP_02_ASEReadCounter.table","NW_015090842.1:7246094",327,537,210
"HSBP1","s329_S_HYP_02_ASEReadCounter.table","NW_015090842.1:7246167",331,553,222
"HSBP1","s329_S_HYP_02_ASEReadCounter.table","NW_015090842.1:7246183",323,550,227
"HSBP1","s329_S_HYP_02_ASEReadCounter.table","NW_015090842.1:7247285",33,43,10
"HSBP1","s329_S_HYP_02_ASEReadCounter.table","NW_015090842.1:7247651",420,762,342
"HSBP1","s329_S_HYP_02_ASEReadCounter.table","NW_015090842.1:7247657",420,778,358
"HSBP1","s329_S_HYP_02_ASEReadCounter.table","NW_015090842.1:7248520",308,552,244
"HSBP1","s329_S_HYP_02_ASEReadCounter.table","NW_015090842.1:7248535",248,441,193
"KCNG4","s329_S_HYP_02_ASEReadCounter.table","NW_015090842.1:7282481",3,4,1
"KCNG4","s329_S_HYP_02_ASEReadCounter.table","NW_015090842.1:7282500",3,4,1
"KCNG4","s329_S_HYP_02_ASEReadCounter.table","NW_015090842.1:7282542",2,3,1
"KCNG4","s329_S_HYP_02_ASEReadCounter.table","NW_015090842.1:7282579",1,1,0
"KCNG4","s329_S_HYP_02_ASEReadCounter.table","NW_015090842.1:7282630",2,2,0
"KCNG4","s329_S_HYP_02_ASEReadCounter.table","NW_015090842.1:7282760",1,2,1
"KCNG4","s329_S_HYP_02_ASEReadCounter.table","NW_015090842.1:7283056",1,3,2
"KCNG4","s329_S_HYP_02_ASEReadCounter.table","NW_015090842.1:7283245",3,6,3
"KCNG4","s329_S_HYP_02_ASEReadCounter.table","NW_015090842.1:7299491",5,7,2
"KCNG4","s329_S_HYP_02_ASEReadCounter.table","NW_015090842.1:7301413",1,1,0
"ATP2C2","s329_S_HYP_02_ASEReadCounter.table","NW_015090842.1:7413747",2,8,6
"TLDC1","s329_S_HYP_02_ASEReadCounter.table","NW_015090842.1:7421997",29,56,27
"COTL1","s329_S_HYP_02_ASEReadCounter.table","NW_015090842.1:7490707",493,985,492
"COTL1","s329_S_HYP_02_ASEReadCounter.table","NW_015090842.1:7490708",498,990,492
"COTL1","s329_S_HYP_02_ASEReadCounter.table","NW_015090842.1:7490711",510,1008,498
"COTL1","s329_S_HYP_02_ASEReadCounter.table","NW_015090842.1:7490739",493,1019,526
"COTL1","s329_S_HYP_02_ASEReadCounter.table","NW_015090842.1:7490785",477,996,519
"COTL1","s329_S_HYP_02_ASEReadCounter.table","NW_015090842.1:7490820",48,638,590
"COTL1","s329_S_HYP_02_ASEReadCounter.table","NW_015090842.1:7490846",536,1031,495
"KLHL36","s329_S_HYP_02_ASEReadCounter.table","NW_015090842.1:7526337",47,47,0
"KLHL36","s329_S_HYP_02_ASEReadCounter.table","NW_015090842.1:7537681",30,74,44
"USP10","s329_S_HYP_02_ASEReadCounter.table","NW_015090842.1:7572213",51,115,64
"USP10","s329_S_HYP_02_ASEReadCounter.table","NW_015090842.1:7572358",81,81,0
"CRISPLD2","s329_S_HYP_02_ASEReadCounter.table","NW_015090842.1:7619796",0,2,2
"CRISPLD2","s329_S_HYP_02_ASEReadCounter.table","NW_015090842.1:7630779",2,2,0
"CRISPLD2","s329_S_HYP_02_ASEReadCounter.table","NW_015090842.1:7633611",2,10,8
"CRISPLD2","s329_S_HYP_02_ASEReadCounter.table","NW_015090842.1:7633787",4,9,5
"CRISPLD2","s329_S_HYP_02_ASEReadCounter.table","NW_015090842.1:7634023",2,5,3
"CRISPLD2","s329_S_HYP_02_ASEReadCounter.table","NW_015090842.1:7634620",3,3,0
"CRISPLD2","s329_S_HYP_02_ASEReadCounter.table","NW_015090842.1:7636315",1,1,0
"LOC106888312","s329_S_HYP_02_ASEReadCounter.table","NW_015090842.1:7732198",0,1,1
"MTHFSD","s329_S_HYP_02_ASEReadCounter.table","NW_015090842.1:8152578",17,33,16
"DUSP15","s329_S_HYP_02_ASEReadCounter.table","NW_015090842.1:8422840",0,1,1
"DUSP15","s329_S_HYP_02_ASEReadCounter.table","NW_015090842.1:8427711",0,2,2
"EMC8","s329_S_HYP_02_ASEReadCounter.table","NW_015090842.1:8452385",16,29,13
"GINS2","s329_S_HYP_02_ASEReadCounter.table","NW_015090842.1:8467469",17,27,10
"GINS2","s329_S_HYP_02_ASEReadCounter.table","NW_015090842.1:8470290",0,55,55
"GINS2","s329_S_HYP_02_ASEReadCounter.table","NW_015090842.1:8470305",0,56,56
"GINS2","s329_S_HYP_02_ASEReadCounter.table","NW_015090842.1:8470376",0,47,47
"GINS2","s329_S_HYP_02_ASEReadCounter.table","NW_015090842.1:8471057",0,4,4
"GSE1","s329_S_HYP_02_ASEReadCounter.table","NW_015090842.1:8483570",0,10,10
"KIAA0513","s329_S_HYP_02_ASEReadCounter.table","NW_015090842.1:8674736",78,167,89
"KIAA0513","s329_S_HYP_02_ASEReadCounter.table","NW_015090842.1:8693655",5,8,3
"ZCCHC14","s329_S_HYP_02_ASEReadCounter.table","NW_015090842.1:8750189",36,48,12
"JPH3","s329_S_HYP_02_ASEReadCounter.table","NW_015090842.1:8872294",41,97,56
"KLHDC4","s329_S_HYP_02_ASEReadCounter.table","NW_015090842.1:8891175",66,158,92
"KLHDC4","s329_S_HYP_02_ASEReadCounter.table","NW_015090842.1:8905251",0,67,67
"KLHDC4","s329_S_HYP_02_ASEReadCounter.table","NW_015090842.1:8919630",9,14,5
"SLC7A5","s329_S_HYP_02_ASEReadCounter.table","NW_015090842.1:8940382",123,259,136
"SLC7A5","s329_S_HYP_02_ASEReadCounter.table","NW_015090842.1:8941818",72,179,107
"SLC7A5","s329_S_HYP_02_ASEReadCounter.table","NW_015090842.1:8944655",57,111,54
"CA5A","s329_S_HYP_02_ASEReadCounter.table","NW_015090842.1:8989479",81,138,57
"CA5A","s329_S_HYP_02_ASEReadCounter.table","NW_015090842.1:8989562",92,173,81
"CA5A","s329_S_HYP_02_ASEReadCounter.table","NW_015090842.1:8989609",102,195,93
"CA5A","s329_S_HYP_02_ASEReadCounter.table","NW_015090842.1:8989693",108,208,100
"CA5A","s329_S_HYP_02_ASEReadCounter.table","NW_015090842.1:8989702",104,195,91
"CA5A","s329_S_HYP_02_ASEReadCounter.table","NW_015090842.1:8989746",100,211,111
"CA5A","s329_S_HYP_02_ASEReadCounter.table","NW_015090842.1:8989880",83,194,111
"CA5A","s329_S_HYP_02_ASEReadCounter.table","NW_015090842.1:8989885",89,200,111
"CA5A","s329_S_HYP_02_ASEReadCounter.table","NW_015090842.1:8989929",99,212,113
"CA5A","s329_S_HYP_02_ASEReadCounter.table","NW_015090842.1:8990002",106,196,90
"CA5A","s329_S_HYP_02_ASEReadCounter.table","NW_015090842.1:8990004",105,189,84
"CA5A","s329_S_HYP_02_ASEReadCounter.table","NW_015090842.1:8990005",107,191,84
"CA5A","s329_S_HYP_02_ASEReadCounter.table","NW_015090842.1:8990017",103,176,73
"CA5A","s329_S_HYP_02_ASEReadCounter.table","NW_015090842.1:8990043",85,153,68
"CA5A","s329_S_HYP_02_ASEReadCounter.table","NW_015090842.1:8990080",73,149,76
"CA5A","s329_S_HYP_02_ASEReadCounter.table","NW_015090842.1:8990084",76,149,73
"CA5A","s329_S_HYP_02_ASEReadCounter.table","NW_015090842.1:8990090",74,145,71
"CA5A","s329_S_HYP_02_ASEReadCounter.table","NW_015090842.1:8990095",72,141,69
"CA5A","s329_S_HYP_02_ASEReadCounter.table","NW_015090842.1:8990111",61,132,71
"CA5A","s329_S_HYP_02_ASEReadCounter.table","NW_015090842.1:8990112",61,131,70
"CA5A","s329_S_HYP_02_ASEReadCounter.table","NW_015090842.1:8990115",68,131,63
"CA5A","s329_S_HYP_02_ASEReadCounter.table","NW_015090842.1:8990166",75,134,59
"CA5A","s329_S_HYP_02_ASEReadCounter.table","NW_015090842.1:8990169",78,136,58
"CA5A","s329_S_HYP_02_ASEReadCounter.table","NW_015090842.1:8990222",75,138,63
"CA5A","s329_S_HYP_02_ASEReadCounter.table","NW_015090842.1:8990289",70,147,77
"CA5A","s329_S_HYP_02_ASEReadCounter.table","NW_015090842.1:8990314",85,153,68
"CA5A","s329_S_HYP_02_ASEReadCounter.table","NW_015090842.1:8990361",67,125,58
"CA5A","s329_S_HYP_02_ASEReadCounter.table","NW_015090842.1:8990368",67,126,59
"CA5A","s329_S_HYP_02_ASEReadCounter.table","NW_015090842.1:8990429",67,131,64
"CA5A","s329_S_HYP_02_ASEReadCounter.table","NW_015090842.1:8990466",69,129,60
"CA5A","s329_S_HYP_02_ASEReadCounter.table","NW_015090842.1:8990663",80,137,57
"CA5A","s329_S_HYP_02_ASEReadCounter.table","NW_015090842.1:8990797",68,112,44
"CA5A","s329_S_HYP_02_ASEReadCounter.table","NW_015090842.1:8990836",73,115,42
"CA5A","s329_S_HYP_02_ASEReadCounter.table","NW_015090842.1:8990842",75,115,40
"CA5A","s329_S_HYP_02_ASEReadCounter.table","NW_015090842.1:8990851",74,111,37
"CA5A","s329_S_HYP_02_ASEReadCounter.table","NW_015090842.1:8990918",72,115,43
"CA5A","s329_S_HYP_02_ASEReadCounter.table","NW_015090842.1:8990921",64,115,51
"CA5A","s329_S_HYP_02_ASEReadCounter.table","NW_015090842.1:8990942",85,134,49
"CA5A","s329_S_HYP_02_ASEReadCounter.table","NW_015090842.1:8991001",84,139,55
"CA5A","s329_S_HYP_02_ASEReadCounter.table","NW_015090842.1:8991038",60,109,49
"CA5A","s329_S_HYP_02_ASEReadCounter.table","NW_015090842.1:8991149",80,142,62
"CA5A","s329_S_HYP_02_ASEReadCounter.table","NW_015090842.1:8991176",96,157,61
"CA5A","s329_S_HYP_02_ASEReadCounter.table","NW_015090842.1:8991241",82,144,62
"CA5A","s329_S_HYP_02_ASEReadCounter.table","NW_015090842.1:8991262",88,143,55
"CA5A","s329_S_HYP_02_ASEReadCounter.table","NW_015090842.1:8991316",77,81,4
"CA5A","s329_S_HYP_02_ASEReadCounter.table","NW_015090842.1:8991319",73,76,3
"CA5A","s329_S_HYP_02_ASEReadCounter.table","NW_015090842.1:8991330",69,70,1
"CA5A","s329_S_HYP_02_ASEReadCounter.table","NW_015090842.1:8991334",64,66,2
"CA5A","s329_S_HYP_02_ASEReadCounter.table","NW_015090842.1:8991362",70,105,35
"CA5A","s329_S_HYP_02_ASEReadCounter.table","NW_015090842.1:8991368",70,107,37
"CA5A","s329_S_HYP_02_ASEReadCounter.table","NW_015090842.1:8991390",78,118,40
"CA5A","s329_S_HYP_02_ASEReadCounter.table","NW_015090842.1:8991395",79,119,40
"CA5A","s329_S_HYP_02_ASEReadCounter.table","NW_015090842.1:8991422",81,130,49
"CA5A","s329_S_HYP_02_ASEReadCounter.table","NW_015090842.1:8991467",66,105,39
"CA5A","s329_S_HYP_02_ASEReadCounter.table","NW_015090842.1:8991576",48,89,41
"CA5A","s329_S_HYP_02_ASEReadCounter.table","NW_015090842.1:8991587",52,102,50
"CA5A","s329_S_HYP_02_ASEReadCounter.table","NW_015090842.1:8991655",61,116,55
"CA5A","s329_S_HYP_02_ASEReadCounter.table","NW_015090842.1:8991717",56,96,40
"CA5A","s329_S_HYP_02_ASEReadCounter.table","NW_015090842.1:8991726",60,100,40
"CA5A","s329_S_HYP_02_ASEReadCounter.table","NW_015090842.1:8991799",56,100,44
"CA5A","s329_S_HYP_02_ASEReadCounter.table","NW_015090842.1:8991809",41,84,43
"CA5A","s329_S_HYP_02_ASEReadCounter.table","NW_015090842.1:8991848",47,91,44
"CA5A","s329_S_HYP_02_ASEReadCounter.table","NW_015090842.1:8991849",45,90,45
"CA5A","s329_S_HYP_02_ASEReadCounter.table","NW_015090842.1:8991927",46,93,47
"CA5A","s329_S_HYP_02_ASEReadCounter.table","NW_015090842.1:8991941",42,86,44
"CA5A","s329_S_HYP_02_ASEReadCounter.table","NW_015090842.1:8992121",36,76,40
"CA5A","s329_S_HYP_02_ASEReadCounter.table","NW_015090842.1:8992224",45,83,38
"CA5A","s329_S_HYP_02_ASEReadCounter.table","NW_015090842.1:9002570",19,39,20
"CA5A","s329_S_HYP_02_ASEReadCounter.table","NW_015090842.1:9002600",20,35,15
"CA5A","s329_S_HYP_02_ASEReadCounter.table","NW_015090842.1:9004312",11,22,11
"CA5A","s329_S_HYP_02_ASEReadCounter.table","NW_015090842.1:9004506",1,2,1
"CA5A","s329_S_HYP_02_ASEReadCounter.table","NW_015090842.1:9004523",1,2,1
"CA5A","s329_S_HYP_02_ASEReadCounter.table","NW_015090842.1:9004530",1,2,1
"CA5A","s329_S_HYP_02_ASEReadCounter.table","NW_015090842.1:9004556",3,4,1
"CA5A","s329_S_HYP_02_ASEReadCounter.table","NW_015090842.1:9004620",4,5,1
"CA5A","s329_S_HYP_02_ASEReadCounter.table","NW_015090842.1:9005116",2,4,2
"CA5A","s329_S_HYP_02_ASEReadCounter.table","NW_015090842.1:9005120",2,4,2
"CA5A","s329_S_HYP_02_ASEReadCounter.table","NW_015090842.1:9005140",3,7,4
"CA5A","s329_S_HYP_02_ASEReadCounter.table","NW_015090842.1:9005152",3,7,4
"BANP","s329_S_HYP_02_ASEReadCounter.table","NW_015090842.1:9033407",5,10,5
"BANP","s329_S_HYP_02_ASEReadCounter.table","NW_015090842.1:9033409",5,10,5
"BANP","s329_S_HYP_02_ASEReadCounter.table","NW_015090842.1:9033420",6,13,7
"BANP","s329_S_HYP_02_ASEReadCounter.table","NW_015090842.1:9055284",0,14,14
"ZC3H18","s329_S_HYP_02_ASEReadCounter.table","NW_015090842.1:9528933",19,44,25
"MVD","s329_S_HYP_02_ASEReadCounter.table","NW_015090842.1:9550690",19,28,9
"MVD","s329_S_HYP_02_ASEReadCounter.table","NW_015090842.1:9550691",19,27,8
"MVD","s329_S_HYP_02_ASEReadCounter.table","NW_015090842.1:9550699",23,31,8
"MVD","s329_S_HYP_02_ASEReadCounter.table","NW_015090842.1:9550701",22,31,9
"MVD","s329_S_HYP_02_ASEReadCounter.table","NW_015090842.1:9552202",37,69,32
"MVD","s329_S_HYP_02_ASEReadCounter.table","NW_015090842.1:9552223",35,69,34
"MVD","s329_S_HYP_02_ASEReadCounter.table","NW_015090842.1:9552533",29,41,12
"MVD","s329_S_HYP_02_ASEReadCounter.table","NW_015090842.1:9552644",0,37,37
"PIEZO1","s329_S_HYP_02_ASEReadCounter.table","NW_015090842.1:9577447",6,11,5
"PIEZO1","s329_S_HYP_02_ASEReadCounter.table","NW_015090842.1:9579101",0,13,13
"PIEZO1","s329_S_HYP_02_ASEReadCounter.table","NW_015090842.1:9582630",7,8,1
"PIEZO1","s329_S_HYP_02_ASEReadCounter.table","NW_015090842.1:9582976",0,2,2
"PIEZO1","s329_S_HYP_02_ASEReadCounter.table","NW_015090842.1:9583326",1,2,1
"CDT1","s329_S_HYP_02_ASEReadCounter.table","NW_015090842.1:9596711",2,4,2
"CDT1","s329_S_HYP_02_ASEReadCounter.table","NW_015090842.1:9597033",9,12,3
"CDT1","s329_S_HYP_02_ASEReadCounter.table","NW_015090842.1:9597756",5,9,4
"CDT1","s329_S_HYP_02_ASEReadCounter.table","NW_015090842.1:9598873",9,15,6
"PABPN1L","s329_S_HYP_02_ASEReadCounter.table","NW_015090842.1:9669510",1,1,0
"ACSF3","s329_S_HYP_02_ASEReadCounter.table","NW_015090842.1:9776737",7,16,9
"ACSF3","s329_S_HYP_02_ASEReadCounter.table","NW_015090842.1:9809639",25,60,35
"ACSF3","s329_S_HYP_02_ASEReadCounter.table","NW_015090842.1:9834743",38,79,41
"ACSF3","s329_S_HYP_02_ASEReadCounter.table","NW_015090842.1:9834762",38,71,33
"ACSF3","s329_S_HYP_02_ASEReadCounter.table","NW_015090842.1:9834852",44,88,44
"ACSF3","s329_S_HYP_02_ASEReadCounter.table","NW_015090842.1:9834861",43,85,42
"ACSF3","s329_S_HYP_02_ASEReadCounter.table","NW_015090842.1:9839359",23,51,28
"ACSF3","s329_S_HYP_02_ASEReadCounter.table","NW_015090842.1:9839378",25,51,26
"ACSF3","s329_S_HYP_02_ASEReadCounter.table","NW_015090842.1:9839455",20,51,31
"ACSF3","s329_S_HYP_02_ASEReadCounter.table","NW_015090842.1:9839457",20,47,27
"ACSF3","s329_S_HYP_02_ASEReadCounter.table","NW_015090842.1:9839489",14,34,20
"ACSF3","s329_S_HYP_02_ASEReadCounter.table","NW_015090842.1:9839500",13,32,19
"ACSF3","s329_S_HYP_02_ASEReadCounter.table","NW_015090842.1:9839501",13,32,19
"ACSF3","s329_S_HYP_02_ASEReadCounter.table","NW_015090842.1:9839504",14,33,19
"ACSF3","s329_S_HYP_02_ASEReadCounter.table","NW_015090842.1:9839512",9,23,14
"ACSF3","s329_S_HYP_02_ASEReadCounter.table","NW_015090842.1:9839527",9,19,10
"ACSF3","s329_S_HYP_02_ASEReadCounter.table","NW_015090842.1:9839533",6,15,9
"ACSF3","s329_S_HYP_02_ASEReadCounter.table","NW_015090842.1:9839535",5,14,9
"ACSF3","s329_S_HYP_02_ASEReadCounter.table","NW_015090842.1:9839545",4,11,7
"ACSF3","s329_S_HYP_02_ASEReadCounter.table","NW_015090842.1:9839550",2,8,6
"ACSF3","s329_S_HYP_02_ASEReadCounter.table","NW_015090842.1:9839551",2,9,7
"CDH15","s329_S_HYP_02_ASEReadCounter.table","NW_015090842.1:9847163",1,1,0
"CDH15","s329_S_HYP_02_ASEReadCounter.table","NW_015090842.1:9848220",1,2,1
"CDH15","s329_S_HYP_02_ASEReadCounter.table","NW_015090842.1:9848265",1,1,0
"CDH15","s329_S_HYP_02_ASEReadCounter.table","NW_015090842.1:9848531",2,3,1
"CDH15","s329_S_HYP_02_ASEReadCounter.table","NW_015090842.1:9848552",2,3,1
"CDH15","s329_S_HYP_02_ASEReadCounter.table","NW_015090842.1:9848888",1,2,1
"CDH15","s329_S_HYP_02_ASEReadCounter.table","NW_015090842.1:9849086",1,1,0
"CDH15","s329_S_HYP_02_ASEReadCounter.table","NW_015090842.1:9849473",3,4,1
"CDH15","s329_S_HYP_02_ASEReadCounter.table","NW_015090842.1:9850141",0,1,1
"CDH15","s329_S_HYP_02_ASEReadCounter.table","NW_015090842.1:9850386",0,1,1
"CDH15","s329_S_HYP_02_ASEReadCounter.table","NW_015090842.1:9850432",0,2,2
"CDH15","s329_S_HYP_02_ASEReadCounter.table","NW_015090842.1:9850609",2,4,2
"SLC22A31","s329_S_HYP_02_ASEReadCounter.table","NW_015090842.1:9850797",1,1,0
"SLC22A31","s329_S_HYP_02_ASEReadCounter.table","NW_015090842.1:9850818",1,1,0
"SLC22A31","s329_S_HYP_02_ASEReadCounter.table","NW_015090842.1:9850929",2,2,0
"SLC22A31","s329_S_HYP_02_ASEReadCounter.table","NW_015090842.1:9850936",2,2,0
"SLC22A31","s329_S_HYP_02_ASEReadCounter.table","NW_015090842.1:9850940",2,2,0
"SLC22A31","s329_S_HYP_02_ASEReadCounter.table","NW_015090842.1:9850948",2,2,0
"SLC22A31","s329_S_HYP_02_ASEReadCounter.table","NW_015090842.1:9850961",1,1,0
"SLC22A31","s329_S_HYP_02_ASEReadCounter.table","NW_015090842.1:9850970",1,1,0
"SLC22A31","s329_S_HYP_02_ASEReadCounter.table","NW_015090842.1:9850978",1,1,0
"SLC22A31","s329_S_HYP_02_ASEReadCounter.table","NW_015090842.1:9850981",1,1,0
"SLC22A31","s329_S_HYP_02_ASEReadCounter.table","NW_015090842.1:9851032",1,1,0
"SLC22A31","s329_S_HYP_02_ASEReadCounter.table","NW_015090842.1:9851053",1,1,0
"SLC22A31","s329_S_HYP_02_ASEReadCounter.table","NW_015090842.1:9851130",5,8,3
"SLC22A31","s329_S_HYP_02_ASEReadCounter.table","NW_015090842.1:9851139",5,8,3
"SLC22A31","s329_S_HYP_02_ASEReadCounter.table","NW_015090842.1:9851265",8,11,3
"SLC22A31","s329_S_HYP_02_ASEReadCounter.table","NW_015090842.1:9851302",5,11,6
"SLC22A31","s329_S_HYP_02_ASEReadCounter.table","NW_015090842.1:9851303",5,11,6
"SLC22A31","s329_S_HYP_02_ASEReadCounter.table","NW_015090842.1:9851305",5,11,6
"SLC22A31","s329_S_HYP_02_ASEReadCounter.table","NW_015090842.1:9851343",3,10,7
"SLC22A31","s329_S_HYP_02_ASEReadCounter.table","NW_015090842.1:9851344",3,10,7
"SLC22A31","s329_S_HYP_02_ASEReadCounter.table","NW_015090842.1:9851381",18,33,15
"SLC22A31","s329_S_HYP_02_ASEReadCounter.table","NW_015090842.1:9851421",19,34,15
"SLC22A31","s329_S_HYP_02_ASEReadCounter.table","NW_015090842.1:9851526",17,24,7
"SLC22A31","s329_S_HYP_02_ASEReadCounter.table","NW_015090842.1:9851589",15,25,10
"SLC22A31","s329_S_HYP_02_ASEReadCounter.table","NW_015090842.1:9851712",11,26,15
"SLC22A31","s329_S_HYP_02_ASEReadCounter.table","NW_015090842.1:9851899",8,17,9
"SLC22A31","s329_S_HYP_02_ASEReadCounter.table","NW_015090842.1:9852139",15,20,5
"SLC22A31","s329_S_HYP_02_ASEReadCounter.table","NW_015090842.1:9852380",11,20,9
"SLC22A31","s329_S_HYP_02_ASEReadCounter.table","NW_015090842.1:9852431",6,14,8
"SLC22A31","s329_S_HYP_02_ASEReadCounter.table","NW_015090842.1:9852630",6,13,7
"SLC22A31","s329_S_HYP_02_ASEReadCounter.table","NW_015090842.1:9852711",6,13,7
"SLC22A31","s329_S_HYP_02_ASEReadCounter.table","NW_015090842.1:9852742",7,13,6
"SLC22A31","s329_S_HYP_02_ASEReadCounter.table","NW_015090842.1:9853099",7,10,3
"SLC22A31","s329_S_HYP_02_ASEReadCounter.table","NW_015090842.1:9853102",7,10,3
"SLC22A31","s329_S_HYP_02_ASEReadCounter.table","NW_015090842.1:9853421",4,4,0
"SLC22A31","s329_S_HYP_02_ASEReadCounter.table","NW_015090842.1:9853457",3,3,0
"SLC22A31","s329_S_HYP_02_ASEReadCounter.table","NW_015090842.1:9853502",2,2,0
"ANKRD11","s329_S_HYP_02_ASEReadCounter.table","NW_015090842.1:9858863",20,34,14
"ANKRD11","s329_S_HYP_02_ASEReadCounter.table","NW_015090842.1:9859101",106,229,123
"ANKRD11","s329_S_HYP_02_ASEReadCounter.table","NW_015090842.1:9859352",120,283,163
"ANKRD11","s329_S_HYP_02_ASEReadCounter.table","NW_015090842.1:9859381",60,195,135
"ANKRD11","s329_S_HYP_02_ASEReadCounter.table","NW_015090842.1:9859527",60,118,58
"ANKRD11","s329_S_HYP_02_ASEReadCounter.table","NW_015090842.1:9859529",58,121,63
"ANKRD11","s329_S_HYP_02_ASEReadCounter.table","NW_015090842.1:9859679",126,256,130
"ANKRD11","s329_S_HYP_02_ASEReadCounter.table","NW_015090842.1:9861097",115,225,110
"ANKRD11","s329_S_HYP_02_ASEReadCounter.table","NW_015090842.1:9862571",71,137,66
"ANKRD11","s329_S_HYP_02_ASEReadCounter.table","NW_015090842.1:9866071",0,76,76
"ANKRD11","s329_S_HYP_02_ASEReadCounter.table","NW_015090842.1:9866200",0,66,66
"ANKRD11","s329_S_HYP_02_ASEReadCounter.table","NW_015090842.1:9867391",24,56,32
"ANKRD11","s329_S_HYP_02_ASEReadCounter.table","NW_015090842.1:9867472",30,65,35
"ANKRD11","s329_S_HYP_02_ASEReadCounter.table","NW_015090842.1:9867559",32,72,40
"ANKRD11","s329_S_HYP_02_ASEReadCounter.table","NW_015090842.1:9867934",38,82,44
"ANKRD11","s329_S_HYP_02_ASEReadCounter.table","NW_015090842.1:9868093",45,92,47
"ANKRD11","s329_S_HYP_02_ASEReadCounter.table","NW_015090842.1:9868222",35,81,46
"ANKRD11","s329_S_HYP_02_ASEReadCounter.table","NW_015090842.1:9868327",45,99,54
"ANKRD11","s329_S_HYP_02_ASEReadCounter.table","NW_015090842.1:9868414",45,105,60
"ANKRD11","s329_S_HYP_02_ASEReadCounter.table","NW_015090842.1:9868441",56,112,56
"ANKRD11","s329_S_HYP_02_ASEReadCounter.table","NW_015090842.1:9868444",57,118,61
"ANKRD11","s329_S_HYP_02_ASEReadCounter.table","NW_015090842.1:9868519",66,134,68
"ANKRD11","s329_S_HYP_02_ASEReadCounter.table","NW_015090842.1:9868609",70,149,79
"ANKRD11","s329_S_HYP_02_ASEReadCounter.table","NW_015090842.1:9868666",74,152,78
"ANKRD11","s329_S_HYP_02_ASEReadCounter.table","NW_015090842.1:9869431",94,181,87
"ANKRD11","s329_S_HYP_02_ASEReadCounter.table","NW_015090842.1:9869578",155,284,129
"ANKRD11","s329_S_HYP_02_ASEReadCounter.table","NW_015090842.1:9869734",160,286,126
"ANKRD11","s329_S_HYP_02_ASEReadCounter.table","NW_015090842.1:9870070",150,290,140
"ANKRD11","s329_S_HYP_02_ASEReadCounter.table","NW_015090842.1:9870349",144,297,153
"ANKRD11","s329_S_HYP_02_ASEReadCounter.table","NW_015090842.1:9870604",133,284,151
"ANKRD11","s329_S_HYP_02_ASEReadCounter.table","NW_015090842.1:9870613",149,297,148
"ANKRD11","s329_S_HYP_02_ASEReadCounter.table","NW_015090842.1:9870685",175,365,190
"ANKRD11","s329_S_HYP_02_ASEReadCounter.table","NW_015090842.1:9870847",155,307,152
"ANKRD11","s329_S_HYP_02_ASEReadCounter.table","NW_015090842.1:9871103",129,255,126
"ANKRD11","s329_S_HYP_02_ASEReadCounter.table","NW_015090842.1:9871165",125,272,147
"ANKRD11","s329_S_HYP_02_ASEReadCounter.table","NW_015090842.1:9871820",44,89,45
"ANKRD11","s329_S_HYP_02_ASEReadCounter.table","NW_015090842.1:9871994",46,83,37
"ANKRD11","s329_S_HYP_02_ASEReadCounter.table","NW_015090842.1:9872118",44,91,47
"SPG7","s329_S_HYP_02_ASEReadCounter.table","NW_015090842.1:10051190",107,216,109
"SPG7","s329_S_HYP_02_ASEReadCounter.table","NW_015090842.1:10051218",137,266,129
"SPG7","s329_S_HYP_02_ASEReadCounter.table","NW_015090842.1:10052348",153,276,123
"SPG7","s329_S_HYP_02_ASEReadCounter.table","NW_015090842.1:10052366",161,291,130
"SPG7","s329_S_HYP_02_ASEReadCounter.table","NW_015090842.1:10065173",168,339,171
"SPG7","s329_S_HYP_02_ASEReadCounter.table","NW_015090842.1:10065215",153,311,158
"SPG7","s329_S_HYP_02_ASEReadCounter.table","NW_015090842.1:10066301",123,256,133
"SPG7","s329_S_HYP_02_ASEReadCounter.table","NW_015090842.1:10066365",142,286,144
"SPG7","s329_S_HYP_02_ASEReadCounter.table","NW_015090842.1:10069752",191,375,184
"SPG7","s329_S_HYP_02_ASEReadCounter.table","NW_015090842.1:10069800",180,381,201
"SPG7","s329_S_HYP_02_ASEReadCounter.table","NW_015090842.1:10071192",201,428,227
"SPG7","s329_S_HYP_02_ASEReadCounter.table","NW_015090842.1:10071204",196,406,210
"SPG7","s329_S_HYP_02_ASEReadCounter.table","NW_015090842.1:10071219",185,384,199
"SPG7","s329_S_HYP_02_ASEReadCounter.table","NW_015090842.1:10071967",179,389,210
"SPG7","s329_S_HYP_02_ASEReadCounter.table","NW_015090842.1:10075109",276,532,256
"SPG7","s329_S_HYP_02_ASEReadCounter.table","NW_015090842.1:10075114",285,537,252
"SPG7","s329_S_HYP_02_ASEReadCounter.table","NW_015090842.1:10075198",199,389,190
"SPG7","s329_S_HYP_02_ASEReadCounter.table","NW_015090842.1:10075487",178,329,151
"SPG7","s329_S_HYP_02_ASEReadCounter.table","NW_015090842.1:10075488",177,329,152
"SPG7","s329_S_HYP_02_ASEReadCounter.table","NW_015090842.1:10075548",129,245,116
"RPL13","s329_S_HYP_02_ASEReadCounter.table","NW_015090842.1:10076979",4,7,3
"RPL13","s329_S_HYP_02_ASEReadCounter.table","NW_015090842.1:10077387",437,986,549
"RPL13","s329_S_HYP_02_ASEReadCounter.table","NW_015090842.1:10077978",619,1377,758
"RPL13","s329_S_HYP_02_ASEReadCounter.table","NW_015090842.1:10077992",613,1339,726
"CPNE7","s329_S_HYP_02_ASEReadCounter.table","NW_015090842.1:10084001",18,32,14
"CPNE7","s329_S_HYP_02_ASEReadCounter.table","NW_015090842.1:10084856",17,24,7
"CPNE7","s329_S_HYP_02_ASEReadCounter.table","NW_015090842.1:10084872",20,31,11
"CPNE7","s329_S_HYP_02_ASEReadCounter.table","NW_015090842.1:10084892",21,32,11
"CPNE7","s329_S_HYP_02_ASEReadCounter.table","NW_015090842.1:10084921",24,37,13
"CPNE7","s329_S_HYP_02_ASEReadCounter.table","NW_015090842.1:10084935",21,36,15
"CPNE7","s329_S_HYP_02_ASEReadCounter.table","NW_015090842.1:10085000",16,37,21
"CPNE7","s329_S_HYP_02_ASEReadCounter.table","NW_015090842.1:10085089",15,40,25
"CPNE7","s329_S_HYP_02_ASEReadCounter.table","NW_015090842.1:10085096",15,36,21
"CPNE7","s329_S_HYP_02_ASEReadCounter.table","NW_015090842.1:10085126",15,35,20
"CPNE7","s329_S_HYP_02_ASEReadCounter.table","NW_015090842.1:10085180",20,39,19
"CPNE7","s329_S_HYP_02_ASEReadCounter.table","NW_015090842.1:10085201",18,34,16
"CPNE7","s329_S_HYP_02_ASEReadCounter.table","NW_015090842.1:10088134",39,64,25
"CPNE7","s329_S_HYP_02_ASEReadCounter.table","NW_015090842.1:10088146",39,63,24
"CPNE7","s329_S_HYP_02_ASEReadCounter.table","NW_015090842.1:10088940",60,98,38
"CPNE7","s329_S_HYP_02_ASEReadCounter.table","NW_015090842.1:10088965",57,93,36
"CPNE7","s329_S_HYP_02_ASEReadCounter.table","NW_015090842.1:10088967",58,93,35
"CPNE7","s329_S_HYP_02_ASEReadCounter.table","NW_015090842.1:10088973",58,95,37
"CPNE7","s329_S_HYP_02_ASEReadCounter.table","NW_015090842.1:10090924",61,128,67
"CPNE7","s329_S_HYP_02_ASEReadCounter.table","NW_015090842.1:10090930",61,129,68
"CPNE7","s329_S_HYP_02_ASEReadCounter.table","NW_015090842.1:10091075",61,119,58
"CPNE7","s329_S_HYP_02_ASEReadCounter.table","NW_015090842.1:10091389",75,161,86
"CPNE7","s329_S_HYP_02_ASEReadCounter.table","NW_015090842.1:10091407",81,163,82
"CPNE7","s329_S_HYP_02_ASEReadCounter.table","NW_015090842.1:10091530",84,165,81
"CPNE7","s329_S_HYP_02_ASEReadCounter.table","NW_015090842.1:10091875",78,161,83
"CPNE7","s329_S_HYP_02_ASEReadCounter.table","NW_015090842.1:10091983",72,147,75
"CPNE7","s329_S_HYP_02_ASEReadCounter.table","NW_015090842.1:10091997",71,154,83
"CPNE7","s329_S_HYP_02_ASEReadCounter.table","NW_015090842.1:10092038",43,105,62
"CPNE7","s329_S_HYP_02_ASEReadCounter.table","NW_015090842.1:10092140",62,128,66
"CPNE7","s329_S_HYP_02_ASEReadCounter.table","NW_015090842.1:10092183",47,89,42
"CPNE7","s329_S_HYP_02_ASEReadCounter.table","NW_015090842.1:10092201",36,75,39
"CPNE7","s329_S_HYP_02_ASEReadCounter.table","NW_015090842.1:10092230",30,62,32
"CPNE7","s329_S_HYP_02_ASEReadCounter.table","NW_015090842.1:10092246",14,35,21
"LOC106888185","s329_S_HYP_02_ASEReadCounter.table","NW_015090842.1:10094965",2,7,5
"LOC106888185","s329_S_HYP_02_ASEReadCounter.table","NW_015090842.1:10094966",2,6,4
"LOC106888185","s329_S_HYP_02_ASEReadCounter.table","NW_015090842.1:10094985",2,7,5
"LOC106888185","s329_S_HYP_02_ASEReadCounter.table","NW_015090842.1:10095055",1,8,7
"LOC106888185","s329_S_HYP_02_ASEReadCounter.table","NW_015090842.1:10095062",1,6,5
"LOC106888185","s329_S_HYP_02_ASEReadCounter.table","NW_015090842.1:10095130",0,3,3
"LOC106888185","s329_S_HYP_02_ASEReadCounter.table","NW_015090842.1:10095265",4,10,6
"LOC106888185","s329_S_HYP_02_ASEReadCounter.table","NW_015090842.1:10095586",4,17,13
"LOC106888185","s329_S_HYP_02_ASEReadCounter.table","NW_015090842.1:10095593",5,17,12
"LOC106888185","s329_S_HYP_02_ASEReadCounter.table","NW_015090842.1:10095616",3,14,11
"LOC106888185","s329_S_HYP_02_ASEReadCounter.table","NW_015090842.1:10095662",6,16,10
"LOC106888185","s329_S_HYP_02_ASEReadCounter.table","NW_015090842.1:10095674",6,15,9
"LOC106888185","s329_S_HYP_02_ASEReadCounter.table","NW_015090842.1:10095786",4,12,8
"LOC106888185","s329_S_HYP_02_ASEReadCounter.table","NW_015090842.1:10095831",7,12,5
"LOC106888185","s329_S_HYP_02_ASEReadCounter.table","NW_015090842.1:10096230",1,6,5
"LOC106888185","s329_S_HYP_02_ASEReadCounter.table","NW_015090842.1:10096249",2,8,6
"LOC106888185","s329_S_HYP_02_ASEReadCounter.table","NW_015090842.1:10096272",5,11,6
"LOC106888185","s329_S_HYP_02_ASEReadCounter.table","NW_015090842.1:10096288",4,10,6
"LOC106888185","s329_S_HYP_02_ASEReadCounter.table","NW_015090842.1:10097248",4,10,6
"LOC106888185","s329_S_HYP_02_ASEReadCounter.table","NW_015090842.1:10097265",5,10,5
"DPEP1","s329_S_HYP_02_ASEReadCounter.table","NW_015090842.1:10098017",0,1,1
"DPEP1","s329_S_HYP_02_ASEReadCounter.table","NW_015090842.1:10098518",0,1,1
"DPEP1","s329_S_HYP_02_ASEReadCounter.table","NW_015090842.1:10098595",0,1,1
"DPEP1","s329_S_HYP_02_ASEReadCounter.table","NW_015090842.1:10098597",0,1,1
"DPEP1","s329_S_HYP_02_ASEReadCounter.table","NW_015090842.1:10098601",0,1,1
"DPEP1","s329_S_HYP_02_ASEReadCounter.table","NW_015090842.1:10098608",0,1,1
"DPEP1","s329_S_HYP_02_ASEReadCounter.table","NW_015090842.1:10098630",0,1,1
"DPEP1","s329_S_HYP_02_ASEReadCounter.table","NW_015090842.1:10098659",0,1,1
"DPEP1","s329_S_HYP_02_ASEReadCounter.table","NW_015090842.1:10099765",0,1,1
"DPEP1","s329_S_HYP_02_ASEReadCounter.table","NW_015090842.1:10100044",0,1,1
"DPEP1","s329_S_HYP_02_ASEReadCounter.table","NW_015090842.1:10100045",0,1,1
"DPEP1","s329_S_HYP_02_ASEReadCounter.table","NW_015090842.1:10100084",0,1,1
"DPEP1","s329_S_HYP_02_ASEReadCounter.table","NW_015090842.1:10100295",0,1,1
"DPEP1","s329_S_HYP_02_ASEReadCounter.table","NW_015090842.1:10100529",1,2,1
"DPEP1","s329_S_HYP_02_ASEReadCounter.table","NW_015090842.1:10100893",1,2,1
"DPEP1","s329_S_HYP_02_ASEReadCounter.table","NW_015090842.1:10100902",1,2,1
"DPEP1","s329_S_HYP_02_ASEReadCounter.table","NW_015090842.1:10101072",0,1,1
"DPEP1","s329_S_HYP_02_ASEReadCounter.table","NW_015090842.1:10101199",1,2,1
"DPEP1","s329_S_HYP_02_ASEReadCounter.table","NW_015090842.1:10101483",0,1,1
"DPEP1","s329_S_HYP_02_ASEReadCounter.table","NW_015090842.1:10101497",0,1,1
"DPEP1","s329_S_HYP_02_ASEReadCounter.table","NW_015090842.1:10101525",0,1,1
"DPEP1","s329_S_HYP_02_ASEReadCounter.table","NW_015090842.1:10101875",1,2,1
"DPEP1","s329_S_HYP_02_ASEReadCounter.table","NW_015090842.1:10101913",0,1,1
"DPEP1","s329_S_HYP_02_ASEReadCounter.table","NW_015090842.1:10101996",1,1,0
"DPEP1","s329_S_HYP_02_ASEReadCounter.table","NW_015090842.1:10102014",1,1,0
"DPEP1","s329_S_HYP_02_ASEReadCounter.table","NW_015090842.1:10102035",1,1,0
"CHMP1A","s329_S_HYP_02_ASEReadCounter.table","NW_015090842.1:10102901",84,173,89
"CHMP1A","s329_S_HYP_02_ASEReadCounter.table","NW_015090842.1:10102961",53,159,106
"CHMP1A","s329_S_HYP_02_ASEReadCounter.table","NW_015090842.1:10102996",51,147,96
"CHMP1A","s329_S_HYP_02_ASEReadCounter.table","NW_015090842.1:10103004",59,156,97
"CHMP1A","s329_S_HYP_02_ASEReadCounter.table","NW_015090842.1:10103006",58,155,97
"CHMP1A","s329_S_HYP_02_ASEReadCounter.table","NW_015090842.1:10103052",103,211,108
"CHMP1A","s329_S_HYP_02_ASEReadCounter.table","NW_015090842.1:10103095",110,224,114
"CHMP1A","s329_S_HYP_02_ASEReadCounter.table","NW_015090842.1:10103096",110,224,114
"CHMP1A","s329_S_HYP_02_ASEReadCounter.table","NW_015090842.1:10103152",76,158,82
"CHMP1A","s329_S_HYP_02_ASEReadCounter.table","NW_015090842.1:10103334",61,136,75
"CHMP1A","s329_S_HYP_02_ASEReadCounter.table","NW_015090842.1:10103373",35,125,90
"CHMP1A","s329_S_HYP_02_ASEReadCounter.table","NW_015090842.1:10103408",55,164,109
"CHMP1A","s329_S_HYP_02_ASEReadCounter.table","NW_015090842.1:10103412",57,160,103
"CHMP1A","s329_S_HYP_02_ASEReadCounter.table","NW_015090842.1:10103512",85,176,91
"CHMP1A","s329_S_HYP_02_ASEReadCounter.table","NW_015090842.1:10103513",84,172,88
"CHMP1A","s329_S_HYP_02_ASEReadCounter.table","NW_015090842.1:10103583",72,159,87
"CHMP1A","s329_S_HYP_02_ASEReadCounter.table","NW_015090842.1:10103614",65,143,78
"CHMP1A","s329_S_HYP_02_ASEReadCounter.table","NW_015090842.1:10103657",78,156,78
"CHMP1A","s329_S_HYP_02_ASEReadCounter.table","NW_015090842.1:10103669",68,141,73
"CHMP1A","s329_S_HYP_02_ASEReadCounter.table","NW_015090842.1:10103674",69,135,66
"CHMP1A","s329_S_HYP_02_ASEReadCounter.table","NW_015090842.1:10103677",67,132,65
"CHMP1A","s329_S_HYP_02_ASEReadCounter.table","NW_015090842.1:10103729",92,155,63
"CHMP1A","s329_S_HYP_02_ASEReadCounter.table","NW_015090842.1:10103758",92,154,62
"CHMP1A","s329_S_HYP_02_ASEReadCounter.table","NW_015090842.1:10103761",91,156,65
"CHMP1A","s329_S_HYP_02_ASEReadCounter.table","NW_015090842.1:10103788",91,191,100
"CHMP1A","s329_S_HYP_02_ASEReadCounter.table","NW_015090842.1:10103789",93,193,100
"CHMP1A","s329_S_HYP_02_ASEReadCounter.table","NW_015090842.1:10103790",89,188,99
"CHMP1A","s329_S_HYP_02_ASEReadCounter.table","NW_015090842.1:10103950",98,171,73
"CHMP1A","s329_S_HYP_02_ASEReadCounter.table","NW_015090842.1:10104335",62,124,62
"CHMP1A","s329_S_HYP_02_ASEReadCounter.table","NW_015090842.1:10104429",84,148,64
"CHMP1A","s329_S_HYP_02_ASEReadCounter.table","NW_015090842.1:10104532",79,154,75
"CHMP1A","s329_S_HYP_02_ASEReadCounter.table","NW_015090842.1:10104633",67,134,67
"CHMP1A","s329_S_HYP_02_ASEReadCounter.table","NW_015090842.1:10104759",58,117,59
"CHMP1A","s329_S_HYP_02_ASEReadCounter.table","NW_015090842.1:10104794",72,145,73
"CHMP1A","s329_S_HYP_02_ASEReadCounter.table","NW_015090842.1:10104844",54,110,56
"CHMP1A","s329_S_HYP_02_ASEReadCounter.table","NW_015090842.1:10106290",55,107,52
"CHMP1A","s329_S_HYP_02_ASEReadCounter.table","NW_015090842.1:10106335",75,129,54
"CHMP1A","s329_S_HYP_02_ASEReadCounter.table","NW_015090842.1:10106383",96,180,84
"CHMP1A","s329_S_HYP_02_ASEReadCounter.table","NW_015090842.1:10106747",72,149,77
"CHMP1A","s329_S_HYP_02_ASEReadCounter.table","NW_015090842.1:10107404",72,136,64
"CHMP1A","s329_S_HYP_02_ASEReadCounter.table","NW_015090842.1:10107410",70,133,63
"CHMP1A","s329_S_HYP_02_ASEReadCounter.table","NW_015090842.1:10107876",68,128,60
"CDK10","s329_S_HYP_02_ASEReadCounter.table","NW_015090842.1:10109030",11,12,1
"CDK10","s329_S_HYP_02_ASEReadCounter.table","NW_015090842.1:10109963",40,111,71
"CDK10","s329_S_HYP_02_ASEReadCounter.table","NW_015090842.1:10110887",31,83,52
"CDK10","s329_S_HYP_02_ASEReadCounter.table","NW_015090842.1:10111254",22,75,53
"CDK10","s329_S_HYP_02_ASEReadCounter.table","NW_015090842.1:10111380",31,94,63
"CDK10","s329_S_HYP_02_ASEReadCounter.table","NW_015090842.1:10111395",32,95,63
"CDK10","s329_S_HYP_02_ASEReadCounter.table","NW_015090842.1:10111437",22,83,61
"CDK10","s329_S_HYP_02_ASEReadCounter.table","NW_015090842.1:10111798",27,96,69
"CDK10","s329_S_HYP_02_ASEReadCounter.table","NW_015090842.1:10111840",33,100,67
"CDK10","s329_S_HYP_02_ASEReadCounter.table","NW_015090842.1:10112031",56,156,100
"CDK10","s329_S_HYP_02_ASEReadCounter.table","NW_015090842.1:10112285",58,157,99
"CDK10","s329_S_HYP_02_ASEReadCounter.table","NW_015090842.1:10112398",62,146,84
"CDK10","s329_S_HYP_02_ASEReadCounter.table","NW_015090842.1:10112455",48,149,101
"CDK10","s329_S_HYP_02_ASEReadCounter.table","NW_015090842.1:10112461",46,145,99
"CDK10","s329_S_HYP_02_ASEReadCounter.table","NW_015090842.1:10112497",49,146,97
"CDK10","s329_S_HYP_02_ASEReadCounter.table","NW_015090842.1:10112508",42,144,102
"CDK10","s329_S_HYP_02_ASEReadCounter.table","NW_015090842.1:10112518",37,129,92
"CDK10","s329_S_HYP_02_ASEReadCounter.table","NW_015090842.1:10112540",8,101,93
"CDK10","s329_S_HYP_02_ASEReadCounter.table","NW_015090842.1:10112556",26,112,86
"CDK10","s329_S_HYP_02_ASEReadCounter.table","NW_015090842.1:10112561",30,142,112
"CDK10","s329_S_HYP_02_ASEReadCounter.table","NW_015090842.1:10112596",50,143,93
"CDK10","s329_S_HYP_02_ASEReadCounter.table","NW_015090842.1:10112630",43,122,79
"CDK10","s329_S_HYP_02_ASEReadCounter.table","NW_015090842.1:10112656",43,128,85
"CDK10","s329_S_HYP_02_ASEReadCounter.table","NW_015090842.1:10112665",32,95,63
"CDK10","s329_S_HYP_02_ASEReadCounter.table","NW_015090842.1:10112668",30,92,62
"CDK10","s329_S_HYP_02_ASEReadCounter.table","NW_015090842.1:10112781",16,53,37
"CDK10","s329_S_HYP_02_ASEReadCounter.table","NW_015090842.1:10112782",16,53,37
"CDK10","s329_S_HYP_02_ASEReadCounter.table","NW_015090842.1:10112795",10,47,37
"CDK10","s329_S_HYP_02_ASEReadCounter.table","NW_015090842.1:10112841",5,18,13
"CDK10","s329_S_HYP_02_ASEReadCounter.table","NW_015090842.1:10112861",4,14,10
"SPATA2L","s329_S_HYP_02_ASEReadCounter.table","NW_015090842.1:10113212",25,61,36
"SPATA2L","s329_S_HYP_02_ASEReadCounter.table","NW_015090842.1:10113280",27,91,64
"SPATA2L","s329_S_HYP_02_ASEReadCounter.table","NW_015090842.1:10113296",26,96,70
"SPATA2L","s329_S_HYP_02_ASEReadCounter.table","NW_015090842.1:10113321",33,112,79
"SPATA2L","s329_S_HYP_02_ASEReadCounter.table","NW_015090842.1:10113332",40,126,86
"SPATA2L","s329_S_HYP_02_ASEReadCounter.table","NW_015090842.1:10113380",50,132,82
"SPATA2L","s329_S_HYP_02_ASEReadCounter.table","NW_015090842.1:10113381",49,133,84
"SPATA2L","s329_S_HYP_02_ASEReadCounter.table","NW_015090842.1:10113412",52,136,84
"SPATA2L","s329_S_HYP_02_ASEReadCounter.table","NW_015090842.1:10113421",54,138,84
"SPATA2L","s329_S_HYP_02_ASEReadCounter.table","NW_015090842.1:10113465",46,131,85
"SPATA2L","s329_S_HYP_02_ASEReadCounter.table","NW_015090842.1:10113535",80,173,93
"SPATA2L","s329_S_HYP_02_ASEReadCounter.table","NW_015090842.1:10113645",68,170,102
"SPATA2L","s329_S_HYP_02_ASEReadCounter.table","NW_015090842.1:10113682",79,195,116
"SPATA2L","s329_S_HYP_02_ASEReadCounter.table","NW_015090842.1:10113696",62,163,101
"SPATA2L","s329_S_HYP_02_ASEReadCounter.table","NW_015090842.1:10113727",60,154,94
"SPATA2L","s329_S_HYP_02_ASEReadCounter.table","NW_015090842.1:10113729",60,153,93
"SPATA2L","s329_S_HYP_02_ASEReadCounter.table","NW_015090842.1:10113799",80,173,93
"SPATA2L","s329_S_HYP_02_ASEReadCounter.table","NW_015090842.1:10113809",88,196,108
"SPATA2L","s329_S_HYP_02_ASEReadCounter.table","NW_015090842.1:10113827",94,207,113
"SPATA2L","s329_S_HYP_02_ASEReadCounter.table","NW_015090842.1:10113831",99,210,111
"SPATA2L","s329_S_HYP_02_ASEReadCounter.table","NW_015090842.1:10113894",77,162,85
"SPATA2L","s329_S_HYP_02_ASEReadCounter.table","NW_015090842.1:10113905",61,143,82
"SPATA2L","s329_S_HYP_02_ASEReadCounter.table","NW_015090842.1:10113914",68,154,86
"SPATA2L","s329_S_HYP_02_ASEReadCounter.table","NW_015090842.1:10113920",74,159,85
"SPATA2L","s329_S_HYP_02_ASEReadCounter.table","NW_015090842.1:10113937",83,179,96
"SPATA2L","s329_S_HYP_02_ASEReadCounter.table","NW_015090842.1:10113971",66,158,92
"SPATA2L","s329_S_HYP_02_ASEReadCounter.table","NW_015090842.1:10113976",59,171,112
"SPATA2L","s329_S_HYP_02_ASEReadCounter.table","NW_015090842.1:10113985",62,147,85
"SPATA2L","s329_S_HYP_02_ASEReadCounter.table","NW_015090842.1:10113994",75,169,94
"SPATA2L","s329_S_HYP_02_ASEReadCounter.table","NW_015090842.1:10114063",53,131,78
"SPATA2L","s329_S_HYP_02_ASEReadCounter.table","NW_015090842.1:10114066",54,134,80
"SPATA2L","s329_S_HYP_02_ASEReadCounter.table","NW_015090842.1:10114069",53,133,80
"SPATA2L","s329_S_HYP_02_ASEReadCounter.table","NW_015090842.1:10114159",33,116,83
"SPATA2L","s329_S_HYP_02_ASEReadCounter.table","NW_015090842.1:10114262",90,143,53
"SPATA2L","s329_S_HYP_02_ASEReadCounter.table","NW_015090842.1:10114470",37,110,73
"SPATA2L","s329_S_HYP_02_ASEReadCounter.table","NW_015090842.1:10114524",25,90,65
"VPS9D1","s329_S_HYP_02_ASEReadCounter.table","NW_015090842.1:10116377",51,111,60
"VPS9D1","s329_S_HYP_02_ASEReadCounter.table","NW_015090842.1:10116415",47,116,69
"VPS9D1","s329_S_HYP_02_ASEReadCounter.table","NW_015090842.1:10116607",45,98,53
"VPS9D1","s329_S_HYP_02_ASEReadCounter.table","NW_015090842.1:10116821",29,78,49
"VPS9D1","s329_S_HYP_02_ASEReadCounter.table","NW_015090842.1:10116825",29,72,43
"VPS9D1","s329_S_HYP_02_ASEReadCounter.table","NW_015090842.1:10116882",27,76,49
"VPS9D1","s329_S_HYP_02_ASEReadCounter.table","NW_015090842.1:10116933",34,73,39
"VPS9D1","s329_S_HYP_02_ASEReadCounter.table","NW_015090842.1:10116942",34,74,40
"VPS9D1","s329_S_HYP_02_ASEReadCounter.table","NW_015090842.1:10117152",27,72,45
"VPS9D1","s329_S_HYP_02_ASEReadCounter.table","NW_015090842.1:10117480",23,51,28
"VPS9D1","s329_S_HYP_02_ASEReadCounter.table","NW_015090842.1:10117497",22,57,35
"VPS9D1","s329_S_HYP_02_ASEReadCounter.table","NW_015090842.1:10117499",17,51,34
"VPS9D1","s329_S_HYP_02_ASEReadCounter.table","NW_015090842.1:10117516",24,67,43
"VPS9D1","s329_S_HYP_02_ASEReadCounter.table","NW_015090842.1:10117525",26,72,46
"VPS9D1","s329_S_HYP_02_ASEReadCounter.table","NW_015090842.1:10117579",26,72,46
"VPS9D1","s329_S_HYP_02_ASEReadCounter.table","NW_015090842.1:10117627",21,62,41
"VPS9D1","s329_S_HYP_02_ASEReadCounter.table","NW_015090842.1:10117678",21,68,47
"VPS9D1","s329_S_HYP_02_ASEReadCounter.table","NW_015090842.1:10117773",37,104,67
"VPS9D1","s329_S_HYP_02_ASEReadCounter.table","NW_015090842.1:10117937",36,103,67
"VPS9D1","s329_S_HYP_02_ASEReadCounter.table","NW_015090842.1:10117961",32,97,65
"VPS9D1","s329_S_HYP_02_ASEReadCounter.table","NW_015090842.1:10118236",35,105,70
"VPS9D1","s329_S_HYP_02_ASEReadCounter.table","NW_015090842.1:10118414",35,87,52
"VPS9D1","s329_S_HYP_02_ASEReadCounter.table","NW_015090842.1:10118973",44,112,68
"VPS9D1","s329_S_HYP_02_ASEReadCounter.table","NW_015090842.1:10119500",21,62,41
"ZNF276","s329_S_HYP_02_ASEReadCounter.table","NW_015090842.1:10121760",6,8,2
"ZNF276","s329_S_HYP_02_ASEReadCounter.table","NW_015090842.1:10121769",5,7,2
"ZNF276","s329_S_HYP_02_ASEReadCounter.table","NW_015090842.1:10121802",8,12,4
"ZNF276","s329_S_HYP_02_ASEReadCounter.table","NW_015090842.1:10121971",14,28,14
"ZNF276","s329_S_HYP_02_ASEReadCounter.table","NW_015090842.1:10122161",12,32,20
"ZNF276","s329_S_HYP_02_ASEReadCounter.table","NW_015090842.1:10122164",13,33,20
"ZNF276","s329_S_HYP_02_ASEReadCounter.table","NW_015090842.1:10122184",10,30,20
"ZNF276","s329_S_HYP_02_ASEReadCounter.table","NW_015090842.1:10122883",10,20,10
"ZNF276","s329_S_HYP_02_ASEReadCounter.table","NW_015090842.1:10122997",9,17,8
"ZNF276","s329_S_HYP_02_ASEReadCounter.table","NW_015090842.1:10123069",12,20,8
"ZNF276","s329_S_HYP_02_ASEReadCounter.table","NW_015090842.1:10123207",21,39,18
"ZNF276","s329_S_HYP_02_ASEReadCounter.table","NW_015090842.1:10125787",14,37,23
"ZNF276","s329_S_HYP_02_ASEReadCounter.table","NW_015090842.1:10126309",28,62,34
"ZNF276","s329_S_HYP_02_ASEReadCounter.table","NW_015090842.1:10126348",25,56,31
"ZNF276","s329_S_HYP_02_ASEReadCounter.table","NW_015090842.1:10126978",29,63,34
"ZNF276","s329_S_HYP_02_ASEReadCounter.table","NW_015090842.1:10126991",27,57,30
"ZNF276","s329_S_HYP_02_ASEReadCounter.table","NW_015090842.1:10127023",30,68,38
"ZNF276","s329_S_HYP_02_ASEReadCounter.table","NW_015090842.1:10127063",31,67,36
"ZNF276","s329_S_HYP_02_ASEReadCounter.table","NW_015090842.1:10127373",24,60,36
"ZNF276","s329_S_HYP_02_ASEReadCounter.table","NW_015090842.1:10127931",20,51,31
"ZNF276","s329_S_HYP_02_ASEReadCounter.table","NW_015090842.1:10128070",27,55,28
"ZNF276","s329_S_HYP_02_ASEReadCounter.table","NW_015090842.1:10128102",27,52,25
"ZNF276","s329_S_HYP_02_ASEReadCounter.table","NW_015090842.1:10128356",23,51,28
"ZNF276","s329_S_HYP_02_ASEReadCounter.table","NW_015090842.1:10128497",15,32,17
"FANCA","s329_S_HYP_02_ASEReadCounter.table","NW_015090842.1:10128743",1,2,1
"FANCA","s329_S_HYP_02_ASEReadCounter.table","NW_015090842.1:10128822",1,2,1
"FANCA","s329_S_HYP_02_ASEReadCounter.table","NW_015090842.1:10129383",2,2,0
"FANCA","s329_S_HYP_02_ASEReadCounter.table","NW_015090842.1:10129390",2,2,0
"FANCA","s329_S_HYP_02_ASEReadCounter.table","NW_015090842.1:10129422",3,3,0
"FANCA","s329_S_HYP_02_ASEReadCounter.table","NW_015090842.1:10129969",2,3,1
"FANCA","s329_S_HYP_02_ASEReadCounter.table","NW_015090842.1:10130399",0,2,2
"FANCA","s329_S_HYP_02_ASEReadCounter.table","NW_015090842.1:10130857",2,2,0
"FANCA","s329_S_HYP_02_ASEReadCounter.table","NW_015090842.1:10130878",2,2,0
"FANCA","s329_S_HYP_02_ASEReadCounter.table","NW_015090842.1:10133530",2,2,0
"FANCA","s329_S_HYP_02_ASEReadCounter.table","NW_015090842.1:10133533",2,2,0
"FANCA","s329_S_HYP_02_ASEReadCounter.table","NW_015090842.1:10133536",2,2,0
"FANCA","s329_S_HYP_02_ASEReadCounter.table","NW_015090842.1:10133601",2,3,1
"FANCA","s329_S_HYP_02_ASEReadCounter.table","NW_015090842.1:10134492",1,4,3
"FANCA","s329_S_HYP_02_ASEReadCounter.table","NW_015090842.1:10137019",1,2,1
"FANCA","s329_S_HYP_02_ASEReadCounter.table","NW_015090842.1:10137673",1,2,1
"FANCA","s329_S_HYP_02_ASEReadCounter.table","NW_015090842.1:10138618",1,1,0
"FANCA","s329_S_HYP_02_ASEReadCounter.table","NW_015090842.1:10139140",0,1,1
"FANCA","s329_S_HYP_02_ASEReadCounter.table","NW_015090842.1:10145030",0,1,1
"FANCA","s329_S_HYP_02_ASEReadCounter.table","NW_015090842.1:10154490",0,2,2
"FANCA","s329_S_HYP_02_ASEReadCounter.table","NW_015090842.1:10158162",0,1,1
"SPIRE2","s329_S_HYP_02_ASEReadCounter.table","NW_015090842.1:10172284",25,38,13
"SPIRE2","s329_S_HYP_02_ASEReadCounter.table","NW_015090842.1:10175262",35,59,24
"SPIRE2","s329_S_HYP_02_ASEReadCounter.table","NW_015090842.1:10175352",20,33,13
"SPIRE2","s329_S_HYP_02_ASEReadCounter.table","NW_015090842.1:10175400",64,114,50
"SPIRE2","s329_S_HYP_02_ASEReadCounter.table","NW_015090842.1:10175418",69,121,52
"SPIRE2","s329_S_HYP_02_ASEReadCounter.table","NW_015090842.1:10175704",93,178,85
"SPIRE2","s329_S_HYP_02_ASEReadCounter.table","NW_015090842.1:10176115",97,218,121
"SPIRE2","s329_S_HYP_02_ASEReadCounter.table","NW_015090842.1:10176561",97,227,130
"SPIRE2","s329_S_HYP_02_ASEReadCounter.table","NW_015090842.1:10176817",100,212,112
"SPIRE2","s329_S_HYP_02_ASEReadCounter.table","NW_015090842.1:10177084",63,135,72
"SPIRE2","s329_S_HYP_02_ASEReadCounter.table","NW_015090842.1:10177838",107,202,95
"SPIRE2","s329_S_HYP_02_ASEReadCounter.table","NW_015090842.1:10178000",102,192,90
"SPIRE2","s329_S_HYP_02_ASEReadCounter.table","NW_015090842.1:10178164",124,216,92
"SPIRE2","s329_S_HYP_02_ASEReadCounter.table","NW_015090842.1:10178216",126,264,138
"SPIRE2","s329_S_HYP_02_ASEReadCounter.table","NW_015090842.1:10178303",123,223,100
"SPIRE2","s329_S_HYP_02_ASEReadCounter.table","NW_015090842.1:10178403",111,218,107
"SPIRE2","s329_S_HYP_02_ASEReadCounter.table","NW_015090842.1:10178409",103,201,98
"SPIRE2","s329_S_HYP_02_ASEReadCounter.table","NW_015090842.1:10178524",96,202,106
"SPIRE2","s329_S_HYP_02_ASEReadCounter.table","NW_015090842.1:10178526",96,202,106
"SPIRE2","s329_S_HYP_02_ASEReadCounter.table","NW_015090842.1:10178531",92,201,109
"SPIRE2","s329_S_HYP_02_ASEReadCounter.table","NW_015090842.1:10178565",82,197,115
"SPIRE2","s329_S_HYP_02_ASEReadCounter.table","NW_015090842.1:10178587",85,179,94
"SPIRE2","s329_S_HYP_02_ASEReadCounter.table","NW_015090842.1:10178640",65,132,67
"SPIRE2","s329_S_HYP_02_ASEReadCounter.table","NW_015090842.1:10178651",69,139,70
"SPIRE2","s329_S_HYP_02_ASEReadCounter.table","NW_015090842.1:10178682",66,126,60
"TCF25","s329_S_HYP_02_ASEReadCounter.table","NW_015090842.1:10180912",31,58,27
"TCF25","s329_S_HYP_02_ASEReadCounter.table","NW_015090842.1:10180924",34,62,28
"TCF25","s329_S_HYP_02_ASEReadCounter.table","NW_015090842.1:10180931",37,66,29
"TCF25","s329_S_HYP_02_ASEReadCounter.table","NW_015090842.1:10185332",112,200,88
"TCF25","s329_S_HYP_02_ASEReadCounter.table","NW_015090842.1:10196561",102,197,95
"TCF25","s329_S_HYP_02_ASEReadCounter.table","NW_015090842.1:10197399",118,248,130
"MC1R","s329_S_HYP_02_ASEReadCounter.table","NW_015090842.1:10201853",1,1,0
"MC1R","s329_S_HYP_02_ASEReadCounter.table","NW_015090842.1:10202160",1,3,2
"MC1R","s329_S_HYP_02_ASEReadCounter.table","NW_015090842.1:10202447",1,1,0
"TUBB3","s329_S_HYP_02_ASEReadCounter.table","NW_015090842.1:10205322",0,489,489
"GAS8","s329_S_HYP_02_ASEReadCounter.table","NW_015090842.1:10228982",12,40,28
"GAS8","s329_S_HYP_02_ASEReadCounter.table","NW_015090842.1:10229832",19,31,12
"GAS8","s329_S_HYP_02_ASEReadCounter.table","NW_015090842.1:10232901",17,52,35
"GAS8","s329_S_HYP_02_ASEReadCounter.table","NW_015090842.1:10232928",19,49,30
"GAS8","s329_S_HYP_02_ASEReadCounter.table","NW_015090842.1:10232967",29,65,36
"GAS8","s329_S_HYP_02_ASEReadCounter.table","NW_015090842.1:10233032",29,59,30
"GAS8","s329_S_HYP_02_ASEReadCounter.table","NW_015090842.1:10233057",20,42,22
"GAS8","s329_S_HYP_02_ASEReadCounter.table","NW_015090842.1:10233058",20,43,23
"GAS8","s329_S_HYP_02_ASEReadCounter.table","NW_015090842.1:10233176",15,25,10
"GAS8","s329_S_HYP_02_ASEReadCounter.table","NW_015090842.1:10233196",16,26,10
"GAS8","s329_S_HYP_02_ASEReadCounter.table","NW_015090842.1:10233252",14,23,9
"GAS8","s329_S_HYP_02_ASEReadCounter.table","NW_015090842.1:10233303",6,9,3
"LOC106888094","s329_S_HYP_02_ASEReadCounter.table","NW_015090842.1:10233334",4,11,7
"LOC106888094","s329_S_HYP_02_ASEReadCounter.table","NW_015090842.1:10233362",6,18,12
"LOC106888094","s329_S_HYP_02_ASEReadCounter.table","NW_015090842.1:10233373",5,17,12
"LOC106888094","s329_S_HYP_02_ASEReadCounter.table","NW_015090842.1:10233388",4,20,16
"LOC106888094","s329_S_HYP_02_ASEReadCounter.table","NW_015090842.1:10233402",3,16,13
"LOC106888094","s329_S_HYP_02_ASEReadCounter.table","NW_015090842.1:10233465",9,27,18
"LOC106888094","s329_S_HYP_02_ASEReadCounter.table","NW_015090842.1:10233803",20,37,17
"LOC106888094","s329_S_HYP_02_ASEReadCounter.table","NW_015090842.1:10233815",21,37,16
"LOC106888094","s329_S_HYP_02_ASEReadCounter.table","NW_015090842.1:10235484",2,3,1
"LOC106888094","s329_S_HYP_02_ASEReadCounter.table","NW_015090842.1:10235611",3,5,2
"LOC106888094","s329_S_HYP_02_ASEReadCounter.table","NW_015090842.1:10235977",1,3,2
"LOC106888094","s329_S_HYP_02_ASEReadCounter.table","NW_015090842.1:10236098",0,1,1
"LOC106888094","s329_S_HYP_02_ASEReadCounter.table","NW_015090842.1:10236161",2,3,1
"LOC106888094","s329_S_HYP_02_ASEReadCounter.table","NW_015090842.1:10236380",2,3,1
"LOC106888094","s329_S_HYP_02_ASEReadCounter.table","NW_015090842.1:10236388",2,3,1
"LOC106888094","s329_S_HYP_02_ASEReadCounter.table","NW_015090842.1:10236425",1,1,0
"LOC106888173","s329_S_HYP_02_ASEReadCounter.table","NW_015090842.1:10239596",1,11,10
"LOC106888173","s329_S_HYP_02_ASEReadCounter.table","NW_015090842.1:10240036",4,33,29
"LOC106888173","s329_S_HYP_02_ASEReadCounter.table","NW_015090842.1:10240095",5,34,29
"LOC106888173","s329_S_HYP_02_ASEReadCounter.table","NW_015090842.1:10240280",1,30,29
"LOC106888173","s329_S_HYP_02_ASEReadCounter.table","NW_015090842.1:10240557",8,33,25
"LOC106888173","s329_S_HYP_02_ASEReadCounter.table","NW_015090842.1:10240603",7,39,32
"LOC106888173","s329_S_HYP_02_ASEReadCounter.table","NW_015090842.1:10240609",9,40,31
"LOC106888173","s329_S_HYP_02_ASEReadCounter.table","NW_015090842.1:10240924",5,30,25
"LOC106888173","s329_S_HYP_02_ASEReadCounter.table","NW_015090842.1:10241037",4,35,31
"LOC106888173","s329_S_HYP_02_ASEReadCounter.table","NW_015090842.1:10241046",4,36,32
"LOC106888173","s329_S_HYP_02_ASEReadCounter.table","NW_015090842.1:10241058",6,41,35
"LOC106888173","s329_S_HYP_02_ASEReadCounter.table","NW_015090842.1:10241064",7,46,39
"LOC106888173","s329_S_HYP_02_ASEReadCounter.table","NW_015090842.1:10241163",9,45,36
"LOC106888173","s329_S_HYP_02_ASEReadCounter.table","NW_015090842.1:10241803",10,52,42
"LOC106888173","s329_S_HYP_02_ASEReadCounter.table","NW_015090842.1:10241827",10,52,42
"LOC106888173","s329_S_HYP_02_ASEReadCounter.table","NW_015090842.1:10241869",14,50,36
"LOC106888173","s329_S_HYP_02_ASEReadCounter.table","NW_015090842.1:10242079",11,54,43
"LOC106888173","s329_S_HYP_02_ASEReadCounter.table","NW_015090842.1:10242103",14,54,40
"LOC106888173","s329_S_HYP_02_ASEReadCounter.table","NW_015090842.1:10242157",15,48,33
"LOC106888173","s329_S_HYP_02_ASEReadCounter.table","NW_015090842.1:10242455",24,47,23
"LOC106888173","s329_S_HYP_02_ASEReadCounter.table","NW_015090842.1:10242481",20,44,24
"LOC106888173","s329_S_HYP_02_ASEReadCounter.table","NW_015090842.1:10242590",14,53,39
"LOC106888173","s329_S_HYP_02_ASEReadCounter.table","NW_015090842.1:10242794",8,33,25
"LOC106888173","s329_S_HYP_02_ASEReadCounter.table","NW_015090842.1:10242909",11,33,22
"LOC106888173","s329_S_HYP_02_ASEReadCounter.table","NW_015090842.1:10243094",16,52,36
"LOC106888173","s329_S_HYP_02_ASEReadCounter.table","NW_015090842.1:10243133",14,48,34
"LOC106888173","s329_S_HYP_02_ASEReadCounter.table","NW_015090842.1:10243273",17,52,35
"LOC106888173","s329_S_HYP_02_ASEReadCounter.table","NW_015090842.1:10243278",19,53,34
"LOC106888173","s329_S_HYP_02_ASEReadCounter.table","NW_015090842.1:10243281",20,54,34
"LOC106888173","s329_S_HYP_02_ASEReadCounter.table","NW_015090842.1:10243347",32,32,0
"LOC106888173","s329_S_HYP_02_ASEReadCounter.table","NW_015090842.1:10243353",16,30,14
"LOC106888173","s329_S_HYP_02_ASEReadCounter.table","NW_015090842.1:10243363",15,23,8
"LOC106888173","s329_S_HYP_02_ASEReadCounter.table","NW_015090842.1:10243365",15,26,11
"LOC106888173","s329_S_HYP_02_ASEReadCounter.table","NW_015090842.1:10243529",12,28,16
"LOC106888173","s329_S_HYP_02_ASEReadCounter.table","NW_015090842.1:10243566",16,42,26
"LOC106888173","s329_S_HYP_02_ASEReadCounter.table","NW_015090842.1:10243605",15,42,27
"LOC106888173","s329_S_HYP_02_ASEReadCounter.table","NW_015090842.1:10243614",14,39,25
"LOC106888173","s329_S_HYP_02_ASEReadCounter.table","NW_015090842.1:10243615",14,39,25
"LOC106888173","s329_S_HYP_02_ASEReadCounter.table","NW_015090842.1:10243640",12,36,24
"LOC106888173","s329_S_HYP_02_ASEReadCounter.table","NW_015090842.1:10243680",9,23,14
"LOC106888173","s329_S_HYP_02_ASEReadCounter.table","NW_015090842.1:10243742",20,37,17
"LOC106888173","s329_S_HYP_02_ASEReadCounter.table","NW_015090842.1:10243804",12,25,13
"LOC106888173","s329_S_HYP_02_ASEReadCounter.table","NW_015090842.1:10243913",6,12,6
"LOC106888173","s329_S_HYP_02_ASEReadCounter.table","NW_015090842.1:10243921",5,10,5
"LOC106888384","s329_S_HYP_02_ASEReadCounter.table","NW_015090842.1:10244998",0,1,1
"LOC106888384","s329_S_HYP_02_ASEReadCounter.table","NW_015090842.1:10250743",0,2,2
"LOC106888384","s329_S_HYP_02_ASEReadCounter.table","NW_015090842.1:10250771",0,1,1
"LOC106888384","s329_S_HYP_02_ASEReadCounter.table","NW_015090842.1:10251343",1,1,0
"LOC106888384","s329_S_HYP_02_ASEReadCounter.table","NW_015090842.1:10251344",1,1,0
"LOC106888384","s329_S_HYP_02_ASEReadCounter.table","NW_015090842.1:10251349",1,1,0
"LOC106888384","s329_S_HYP_02_ASEReadCounter.table","NW_015090842.1:10251354",1,2,1
"LOC106888384","s329_S_HYP_02_ASEReadCounter.table","NW_015090842.1:10251358",1,2,1
"LOC106888384","s329_S_HYP_02_ASEReadCounter.table","NW_015090842.1:10251369",1,2,1
"LOC106888384","s329_S_HYP_02_ASEReadCounter.table","NW_015090842.1:10251370",1,2,1
"LOC106888384","s329_S_HYP_02_ASEReadCounter.table","NW_015090842.1:10251375",1,2,1
"LOC106888384","s329_S_HYP_02_ASEReadCounter.table","NW_015090842.1:10251388",1,1,0
"LOC106888384","s329_S_HYP_02_ASEReadCounter.table","NW_015090842.1:10251390",1,1,0
"LOC106888384","s329_S_HYP_02_ASEReadCounter.table","NW_015090842.1:10251393",1,1,0
"LOC106888384","s329_S_HYP_02_ASEReadCounter.table","NW_015090842.1:10251399",1,1,0
"LOC106888384","s329_S_HYP_02_ASEReadCounter.table","NW_015090842.1:10254028",1,1,0
"LOC106888384","s329_S_HYP_02_ASEReadCounter.table","NW_015090842.1:10254570",2,2,0
"LOC106888384","s329_S_HYP_02_ASEReadCounter.table","NW_015090842.1:10254647",2,2,0
"LOC106888384","s329_S_HYP_02_ASEReadCounter.table","NW_015090842.1:10254663",1,1,0
"LOC106888384","s329_S_HYP_02_ASEReadCounter.table","NW_015090842.1:10254840",1,1,0
"LOC106888384","s329_S_HYP_02_ASEReadCounter.table","NW_015090842.1:10254854",1,1,0
"LOC106888384","s329_S_HYP_02_ASEReadCounter.table","NW_015090842.1:10254891",2,2,0
"LOC106888384","s329_S_HYP_02_ASEReadCounter.table","NW_015090842.1:10254900",2,2,0
"LOC106888384","s329_S_HYP_02_ASEReadCounter.table","NW_015090842.1:10254915",2,2,0
"LOC106888384","s329_S_HYP_02_ASEReadCounter.table","NW_015090842.1:10254965",1,1,0
"LOC106888384","s329_S_HYP_02_ASEReadCounter.table","NW_015090842.1:10254975",1,1,0
"LOC106888384","s329_S_HYP_02_ASEReadCounter.table","NW_015090842.1:10255077",2,2,0
"LOC106888384","s329_S_HYP_02_ASEReadCounter.table","NW_015090842.1:10255117",2,2,0
"LOC106888384","s329_S_HYP_02_ASEReadCounter.table","NW_015090842.1:10255209",2,2,0
"LOC106888384","s329_S_HYP_02_ASEReadCounter.table","NW_015090842.1:10255211",2,2,0
"LOC106888384","s329_S_HYP_02_ASEReadCounter.table","NW_015090842.1:10255236",2,2,0
"LOC106888384","s329_S_HYP_02_ASEReadCounter.table","NW_015090842.1:10255262",2,2,0
"LOC106888384","s329_S_HYP_02_ASEReadCounter.table","NW_015090842.1:10255264",2,2,0
"LOC106888384","s329_S_HYP_02_ASEReadCounter.table","NW_015090842.1:10255306",1,1,0
"LOC106888384","s329_S_HYP_02_ASEReadCounter.table","NW_015090842.1:10255340",1,1,0
"LOC106888384","s329_S_HYP_02_ASEReadCounter.table","NW_015090842.1:10255496",1,1,0
"LOC106888384","s329_S_HYP_02_ASEReadCounter.table","NW_015090842.1:10255505",1,1,0
"LOC106888384","s329_S_HYP_02_ASEReadCounter.table","NW_015090842.1:10255531",1,1,0
"LOC106888384","s329_S_HYP_02_ASEReadCounter.table","NW_015090842.1:10255704",2,2,0
"LOC106888384","s329_S_HYP_02_ASEReadCounter.table","NW_015090842.1:10255731",2,2,0
"LOC106888384","s329_S_HYP_02_ASEReadCounter.table","NW_015090842.1:10255771",1,1,0
"TANGO6","s329_S_HYP_02_ASEReadCounter.table","NW_015090842.1:10257782",12,14,2
"TANGO6","s329_S_HYP_02_ASEReadCounter.table","NW_015090842.1:10258162",14,22,8
"TANGO6","s329_S_HYP_02_ASEReadCounter.table","NW_015090842.1:10258185",16,25,9
"TANGO6","s329_S_HYP_02_ASEReadCounter.table","NW_015090842.1:10259267",15,23,8
"TANGO6","s329_S_HYP_02_ASEReadCounter.table","NW_015090842.1:10260250",42,60,18
"TANGO6","s329_S_HYP_02_ASEReadCounter.table","NW_015090842.1:10260979",22,40,18
"TANGO6","s329_S_HYP_02_ASEReadCounter.table","NW_015090842.1:10261599",26,45,19
"TANGO6","s329_S_HYP_02_ASEReadCounter.table","NW_015090842.1:10268425",60,87,27
"TANGO6","s329_S_HYP_02_ASEReadCounter.table","NW_015090842.1:10269831",49,78,29
"TANGO6","s329_S_HYP_02_ASEReadCounter.table","NW_015090842.1:10270813",38,60,22
"TANGO6","s329_S_HYP_02_ASEReadCounter.table","NW_015090842.1:10273952",34,48,14
"TANGO6","s329_S_HYP_02_ASEReadCounter.table","NW_015090842.1:10273970",42,57,15
"TANGO6","s329_S_HYP_02_ASEReadCounter.table","NW_015090842.1:10274018",39,56,17
"TANGO6","s329_S_HYP_02_ASEReadCounter.table","NW_015090842.1:10275974",25,34,9
"TANGO6","s329_S_HYP_02_ASEReadCounter.table","NW_015090842.1:10275976",25,35,10
"TANGO6","s329_S_HYP_02_ASEReadCounter.table","NW_015090842.1:10276123",44,59,15
"TANGO6","s329_S_HYP_02_ASEReadCounter.table","NW_015090842.1:10276271",33,47,14
"TANGO6","s329_S_HYP_02_ASEReadCounter.table","NW_015090842.1:10276272",29,44,15
"TANGO6","s329_S_HYP_02_ASEReadCounter.table","NW_015090842.1:10276275",35,49,14
"TANGO6","s329_S_HYP_02_ASEReadCounter.table","NW_015090842.1:10276278",35,49,14
"TANGO6","s329_S_HYP_02_ASEReadCounter.table","NW_015090842.1:10276368",25,36,11
"TANGO6","s329_S_HYP_02_ASEReadCounter.table","NW_015090842.1:10276373",26,36,10
"TANGO6","s329_S_HYP_02_ASEReadCounter.table","NW_015090842.1:10276630",22,41,19
"TANGO6","s329_S_HYP_02_ASEReadCounter.table","NW_015090842.1:10281498",40,53,13
"TANGO6","s329_S_HYP_02_ASEReadCounter.table","NW_015090842.1:10282842",48,63,15
"TANGO6","s329_S_HYP_02_ASEReadCounter.table","NW_015090842.1:10282863",40,54,14
"TANGO6","s329_S_HYP_02_ASEReadCounter.table","NW_015090842.1:10282869",40,53,13
"TANGO6","s329_S_HYP_02_ASEReadCounter.table","NW_015090842.1:10282903",37,62,25
"TANGO6","s329_S_HYP_02_ASEReadCounter.table","NW_015090842.1:10283757",49,69,20
"TANGO6","s329_S_HYP_02_ASEReadCounter.table","NW_015090842.1:10283785",45,65,20
"HAS3","s329_S_HYP_02_ASEReadCounter.table","NW_015090842.1:10288093",1,1,0
"HAS3","s329_S_HYP_02_ASEReadCounter.table","NW_015090842.1:10288266",1,2,1
"HAS3","s329_S_HYP_02_ASEReadCounter.table","NW_015090842.1:10288274",2,3,1
"HAS3","s329_S_HYP_02_ASEReadCounter.table","NW_015090842.1:10288364",4,5,1
"HAS3","s329_S_HYP_02_ASEReadCounter.table","NW_015090842.1:10288405",2,4,2
"HAS3","s329_S_HYP_02_ASEReadCounter.table","NW_015090842.1:10289469",1,3,2
"HAS3","s329_S_HYP_02_ASEReadCounter.table","NW_015090842.1:10289708",1,2,1
"HAS3","s329_S_HYP_02_ASEReadCounter.table","NW_015090842.1:10290375",1,4,3
"HAS3","s329_S_HYP_02_ASEReadCounter.table","NW_015090842.1:10290395",1,4,3
"HAS3","s329_S_HYP_02_ASEReadCounter.table","NW_015090842.1:10290561",0,1,1
"HAS3","s329_S_HYP_02_ASEReadCounter.table","NW_015090842.1:10290609",0,2,2
"HAS3","s329_S_HYP_02_ASEReadCounter.table","NW_015090842.1:10290927",3,4,1
"HAS3","s329_S_HYP_02_ASEReadCounter.table","NW_015090842.1:10291004",3,5,2
"CHTF8","s329_S_HYP_02_ASEReadCounter.table","NW_015090842.1:10291319",1,4,3
"CHTF8","s329_S_HYP_02_ASEReadCounter.table","NW_015090842.1:10291342",1,3,2
"CHTF8","s329_S_HYP_02_ASEReadCounter.table","NW_015090842.1:10291491",8,14,6
"CHTF8","s329_S_HYP_02_ASEReadCounter.table","NW_015090842.1:10291520",6,15,9
"CHTF8","s329_S_HYP_02_ASEReadCounter.table","NW_015090842.1:10291593",11,19,8
"CHTF8","s329_S_HYP_02_ASEReadCounter.table","NW_015090842.1:10291600",10,19,9
"CHTF8","s329_S_HYP_02_ASEReadCounter.table","NW_015090842.1:10291609",9,19,10
"CHTF8","s329_S_HYP_02_ASEReadCounter.table","NW_015090842.1:10291639",10,20,10
"CHTF8","s329_S_HYP_02_ASEReadCounter.table","NW_015090842.1:10291641",9,19,10
"CHTF8","s329_S_HYP_02_ASEReadCounter.table","NW_015090842.1:10291648",9,19,10
"CHTF8","s329_S_HYP_02_ASEReadCounter.table","NW_015090842.1:10291656",6,13,7
"CHTF8","s329_S_HYP_02_ASEReadCounter.table","NW_015090842.1:10291675",10,17,7
"CHTF8","s329_S_HYP_02_ASEReadCounter.table","NW_015090842.1:10291696",10,19,9
"CHTF8","s329_S_HYP_02_ASEReadCounter.table","NW_015090842.1:10291714",12,18,6
"CHTF8","s329_S_HYP_02_ASEReadCounter.table","NW_015090842.1:10291732",11,17,6
"CHTF8","s329_S_HYP_02_ASEReadCounter.table","NW_015090842.1:10291755",10,16,6
"CHTF8","s329_S_HYP_02_ASEReadCounter.table","NW_015090842.1:10291756",10,15,5
"CHTF8","s329_S_HYP_02_ASEReadCounter.table","NW_015090842.1:10291758",10,15,5
"CHTF8","s329_S_HYP_02_ASEReadCounter.table","NW_015090842.1:10291792",9,14,5
"CHTF8","s329_S_HYP_02_ASEReadCounter.table","NW_015090842.1:10291895",12,20,8
"CHTF8","s329_S_HYP_02_ASEReadCounter.table","NW_015090842.1:10292132",11,16,5
"CHTF8","s329_S_HYP_02_ASEReadCounter.table","NW_015090842.1:10292314",15,19,4
"CHTF8","s329_S_HYP_02_ASEReadCounter.table","NW_015090842.1:10292317",14,18,4
"CHTF8","s329_S_HYP_02_ASEReadCounter.table","NW_015090842.1:10292928",5,5,0
"UTP4","s329_S_HYP_02_ASEReadCounter.table","NW_015090842.1:10293146",19,38,19
"UTP4","s329_S_HYP_02_ASEReadCounter.table","NW_015090842.1:10293151",18,37,19
"UTP4","s329_S_HYP_02_ASEReadCounter.table","NW_015090842.1:10293191",9,23,14
"UTP4","s329_S_HYP_02_ASEReadCounter.table","NW_015090842.1:10293362",14,26,12
"UTP4","s329_S_HYP_02_ASEReadCounter.table","NW_015090842.1:10293430",11,18,7
"UTP4","s329_S_HYP_02_ASEReadCounter.table","NW_015090842.1:10293625",20,33,13
"UTP4","s329_S_HYP_02_ASEReadCounter.table","NW_015090842.1:10293684",14,23,9
"UTP4","s329_S_HYP_02_ASEReadCounter.table","NW_015090842.1:10294093",15,29,14
"UTP4","s329_S_HYP_02_ASEReadCounter.table","NW_015090842.1:10294568",15,32,17
"UTP4","s329_S_HYP_02_ASEReadCounter.table","NW_015090842.1:10294622",14,38,24
"UTP4","s329_S_HYP_02_ASEReadCounter.table","NW_015090842.1:10294632",14,35,21
"UTP4","s329_S_HYP_02_ASEReadCounter.table","NW_015090842.1:10295238",9,28,19
"UTP4","s329_S_HYP_02_ASEReadCounter.table","NW_015090842.1:10295880",21,46,25
"UTP4","s329_S_HYP_02_ASEReadCounter.table","NW_015090842.1:10295884",22,48,26
"UTP4","s329_S_HYP_02_ASEReadCounter.table","NW_015090842.1:10295903",25,46,21
"UTP4","s329_S_HYP_02_ASEReadCounter.table","NW_015090842.1:10295906",24,44,20
"UTP4","s329_S_HYP_02_ASEReadCounter.table","NW_015090842.1:10295915",23,44,21
"UTP4","s329_S_HYP_02_ASEReadCounter.table","NW_015090842.1:10295938",19,36,17
"UTP4","s329_S_HYP_02_ASEReadCounter.table","NW_015090842.1:10296175",12,25,13
"UTP4","s329_S_HYP_02_ASEReadCounter.table","NW_015090842.1:10296660",20,39,19
"UTP4","s329_S_HYP_02_ASEReadCounter.table","NW_015090842.1:10296679",24,46,22
"UTP4","s329_S_HYP_02_ASEReadCounter.table","NW_015090842.1:10297193",22,46,24
"UTP4","s329_S_HYP_02_ASEReadCounter.table","NW_015090842.1:10297220",19,49,30
"UTP4","s329_S_HYP_02_ASEReadCounter.table","NW_015090842.1:10297307",25,62,37
"UTP4","s329_S_HYP_02_ASEReadCounter.table","NW_015090842.1:10297558",36,58,22
"UTP4","s329_S_HYP_02_ASEReadCounter.table","NW_015090842.1:10297943",11,32,21
"UTP4","s329_S_HYP_02_ASEReadCounter.table","NW_015090842.1:10297979",16,41,25
"UTP4","s329_S_HYP_02_ASEReadCounter.table","NW_015090842.1:10298022",11,29,18
"UTP4","s329_S_HYP_02_ASEReadCounter.table","NW_015090842.1:10298079",3,10,7
"UTP4","s329_S_HYP_02_ASEReadCounter.table","NW_015090842.1:10298081",3,9,6
"UTP4","s329_S_HYP_02_ASEReadCounter.table","NW_015090842.1:10298082",2,10,8
"SNTB2","s329_S_HYP_02_ASEReadCounter.table","NW_015090842.1:10298905",1,2,1
"SNTB2","s329_S_HYP_02_ASEReadCounter.table","NW_015090842.1:10298928",1,2,1
"SNTB2","s329_S_HYP_02_ASEReadCounter.table","NW_015090842.1:10303506",3,8,5
"SNTB2","s329_S_HYP_02_ASEReadCounter.table","NW_015090842.1:10303524",3,6,3
"SNTB2","s329_S_HYP_02_ASEReadCounter.table","NW_015090842.1:10304059",4,5,1
"SNTB2","s329_S_HYP_02_ASEReadCounter.table","NW_015090842.1:10304089",2,3,1
"SNTB2","s329_S_HYP_02_ASEReadCounter.table","NW_015090842.1:10304167",4,4,0
"SNTB2","s329_S_HYP_02_ASEReadCounter.table","NW_015090842.1:10304176",4,4,0
"SNTB2","s329_S_HYP_02_ASEReadCounter.table","NW_015090842.1:10305069",5,7,2
"SNTB2","s329_S_HYP_02_ASEReadCounter.table","NW_015090842.1:10305099",3,4,1
"SNTB2","s329_S_HYP_02_ASEReadCounter.table","NW_015090842.1:10305451",2,4,2
"SNTB2","s329_S_HYP_02_ASEReadCounter.table","NW_015090842.1:10305547",2,6,4
"SNTB2","s329_S_HYP_02_ASEReadCounter.table","NW_015090842.1:10305847",2,5,3
"SNTB2","s329_S_HYP_02_ASEReadCounter.table","NW_015090842.1:10305911",2,5,3
"SNTB2","s329_S_HYP_02_ASEReadCounter.table","NW_015090842.1:10306173",5,6,1
"SNTB2","s329_S_HYP_02_ASEReadCounter.table","NW_015090842.1:10306275",1,8,7
"SNTB2","s329_S_HYP_02_ASEReadCounter.table","NW_015090842.1:10306457",2,5,3
"SNTB2","s329_S_HYP_02_ASEReadCounter.table","NW_015090842.1:10306496",1,4,3
"SNTB2","s329_S_HYP_02_ASEReadCounter.table","NW_015090842.1:10306499",1,4,3
"VPS4A","s329_S_HYP_02_ASEReadCounter.table","NW_015090842.1:10308566",91,196,105
"VPS4A","s329_S_HYP_02_ASEReadCounter.table","NW_015090842.1:10308573",92,206,114
"VPS4A","s329_S_HYP_02_ASEReadCounter.table","NW_015090842.1:10308856",117,264,147
"VPS4A","s329_S_HYP_02_ASEReadCounter.table","NW_015090842.1:10309056",170,349,179
"VPS4A","s329_S_HYP_02_ASEReadCounter.table","NW_015090842.1:10309089",208,392,184
"VPS4A","s329_S_HYP_02_ASEReadCounter.table","NW_015090842.1:10309392",210,392,182
"VPS4A","s329_S_HYP_02_ASEReadCounter.table","NW_015090842.1:10309413",217,392,175
"VPS4A","s329_S_HYP_02_ASEReadCounter.table","NW_015090842.1:10309467",223,449,226
"VPS4A","s329_S_HYP_02_ASEReadCounter.table","NW_015090842.1:10310230",225,460,235
"VPS4A","s329_S_HYP_02_ASEReadCounter.table","NW_015090842.1:10310425",183,394,211
"VPS4A","s329_S_HYP_02_ASEReadCounter.table","NW_015090842.1:10310639",207,423,216
"VPS4A","s329_S_HYP_02_ASEReadCounter.table","NW_015090842.1:10310640",415,416,1
"VPS4A","s329_S_HYP_02_ASEReadCounter.table","NW_015090842.1:10310687",201,454,253
"VPS4A","s329_S_HYP_02_ASEReadCounter.table","NW_015090842.1:10310734",177,406,229
"VPS4A","s329_S_HYP_02_ASEReadCounter.table","NW_015090842.1:10310737",174,404,230
"VPS4A","s329_S_HYP_02_ASEReadCounter.table","NW_015090842.1:10310746",173,403,230
"VPS4A","s329_S_HYP_02_ASEReadCounter.table","NW_015090842.1:10310767",182,414,232
"VPS4A","s329_S_HYP_02_ASEReadCounter.table","NW_015090842.1:10310995",206,419,213
"VPS4A","s329_S_HYP_02_ASEReadCounter.table","NW_015090842.1:10311004",206,409,203
"VPS4A","s329_S_HYP_02_ASEReadCounter.table","NW_015090842.1:10311007",205,413,208
"VPS4A","s329_S_HYP_02_ASEReadCounter.table","NW_015090842.1:10311013",215,417,202
"VPS4A","s329_S_HYP_02_ASEReadCounter.table","NW_015090842.1:10311022",193,398,205
"VPS4A","s329_S_HYP_02_ASEReadCounter.table","NW_015090842.1:10311023",191,391,200
"VPS4A","s329_S_HYP_02_ASEReadCounter.table","NW_015090842.1:10311426",205,439,234
"VPS4A","s329_S_HYP_02_ASEReadCounter.table","NW_015090842.1:10311489",2,10,8
"VPS4A","s329_S_HYP_02_ASEReadCounter.table","NW_015090842.1:10311490",2,7,5
"VPS4A","s329_S_HYP_02_ASEReadCounter.table","NW_015090842.1:10311525",5,11,6
"VPS4A","s329_S_HYP_02_ASEReadCounter.table","NW_015090842.1:10311529",7,19,12
"VPS4A","s329_S_HYP_02_ASEReadCounter.table","NW_015090842.1:10311530",7,22,15
"VPS4A","s329_S_HYP_02_ASEReadCounter.table","NW_015090842.1:10311552",28,52,24
"VPS4A","s329_S_HYP_02_ASEReadCounter.table","NW_015090842.1:10311689",25,60,35
"VPS4A","s329_S_HYP_02_ASEReadCounter.table","NW_015090842.1:10311700",39,75,36
"VPS4A","s329_S_HYP_02_ASEReadCounter.table","NW_015090842.1:10311701",37,78,41
"VPS4A","s329_S_HYP_02_ASEReadCounter.table","NW_015090842.1:10311703",39,78,39
"COG8","s329_S_HYP_02_ASEReadCounter.table","NW_015090842.1:10313487",16,43,27
"COG8","s329_S_HYP_02_ASEReadCounter.table","NW_015090842.1:10313559",33,70,37
"COG8","s329_S_HYP_02_ASEReadCounter.table","NW_015090842.1:10313579",35,73,38
"COG8","s329_S_HYP_02_ASEReadCounter.table","NW_015090842.1:10313665",32,68,36
"COG8","s329_S_HYP_02_ASEReadCounter.table","NW_015090842.1:10313681",38,73,35
"COG8","s329_S_HYP_02_ASEReadCounter.table","NW_015090842.1:10313768",33,79,46
"COG8","s329_S_HYP_02_ASEReadCounter.table","NW_015090842.1:10313775",34,80,46
"COG8","s329_S_HYP_02_ASEReadCounter.table","NW_015090842.1:10313811",24,67,43
"COG8","s329_S_HYP_02_ASEReadCounter.table","NW_015090842.1:10313858",30,60,30
"COG8","s329_S_HYP_02_ASEReadCounter.table","NW_015090842.1:10313859",30,61,31
"COG8","s329_S_HYP_02_ASEReadCounter.table","NW_015090842.1:10314100",32,68,36
"COG8","s329_S_HYP_02_ASEReadCounter.table","NW_015090842.1:10314213",27,61,34
"COG8","s329_S_HYP_02_ASEReadCounter.table","NW_015090842.1:10315093",28,59,31
"COG8","s329_S_HYP_02_ASEReadCounter.table","NW_015090842.1:10315162",24,46,22
"COG8","s329_S_HYP_02_ASEReadCounter.table","NW_015090842.1:10315285",33,67,34
"COG8","s329_S_HYP_02_ASEReadCounter.table","NW_015090842.1:10315360",23,48,25
"COG8","s329_S_HYP_02_ASEReadCounter.table","NW_015090842.1:10315369",22,49,27
"COG8","s329_S_HYP_02_ASEReadCounter.table","NW_015090842.1:10315508",14,28,14
"COG8","s329_S_HYP_02_ASEReadCounter.table","NW_015090842.1:10315624",24,47,23
"COG8","s329_S_HYP_02_ASEReadCounter.table","NW_015090842.1:10315693",29,46,17
"COG8","s329_S_HYP_02_ASEReadCounter.table","NW_015090842.1:10315698",29,46,17
"COG8","s329_S_HYP_02_ASEReadCounter.table","NW_015090842.1:10315768",20,39,19
"COG8","s329_S_HYP_02_ASEReadCounter.table","NW_015090842.1:10315769",21,39,18
"COG8","s329_S_HYP_02_ASEReadCounter.table","NW_015090842.1:10315784",26,43,17
"COG8","s329_S_HYP_02_ASEReadCounter.table","NW_015090842.1:10316093",17,39,22
"COG8","s329_S_HYP_02_ASEReadCounter.table","NW_015090842.1:10316133",16,35,19
"NIP7","s329_S_HYP_02_ASEReadCounter.table","NW_015090842.1:10316759",16,37,21
"NIP7","s329_S_HYP_02_ASEReadCounter.table","NW_015090842.1:10316967",107,220,113
"NIP7","s329_S_HYP_02_ASEReadCounter.table","NW_015090842.1:10316995",125,242,117
"NIP7","s329_S_HYP_02_ASEReadCounter.table","NW_015090842.1:10317240",163,330,167
"NIP7","s329_S_HYP_02_ASEReadCounter.table","NW_015090842.1:10317247",165,333,168
"NIP7","s329_S_HYP_02_ASEReadCounter.table","NW_015090842.1:10317264",165,328,163
"NIP7","s329_S_HYP_02_ASEReadCounter.table","NW_015090842.1:10317433",159,358,199
"NIP7","s329_S_HYP_02_ASEReadCounter.table","NW_015090842.1:10317738",130,318,188
"NIP7","s329_S_HYP_02_ASEReadCounter.table","NW_015090842.1:10317769",153,333,180
"NIP7","s329_S_HYP_02_ASEReadCounter.table","NW_015090842.1:10317808",106,231,125
"NIP7","s329_S_HYP_02_ASEReadCounter.table","NW_015090842.1:10317870",63,164,101
"NIP7","s329_S_HYP_02_ASEReadCounter.table","NW_015090842.1:10317871",62,154,92
"NIP7","s329_S_HYP_02_ASEReadCounter.table","NW_015090842.1:10317898",43,111,68
"NIP7","s329_S_HYP_02_ASEReadCounter.table","NW_015090842.1:10317911",42,100,58
"TMED6","s329_S_HYP_02_ASEReadCounter.table","NW_015090842.1:10318514",1,1,0
"TMED6","s329_S_HYP_02_ASEReadCounter.table","NW_015090842.1:10318731",1,1,0
"TERF2","s329_S_HYP_02_ASEReadCounter.table","NW_015090842.1:10321768",28,53,25
"TERF2","s329_S_HYP_02_ASEReadCounter.table","NW_015090842.1:10321777",26,51,25
"TERF2","s329_S_HYP_02_ASEReadCounter.table","NW_015090842.1:10321805",29,66,37
"TERF2","s329_S_HYP_02_ASEReadCounter.table","NW_015090842.1:10321878",42,91,49
"TERF2","s329_S_HYP_02_ASEReadCounter.table","NW_015090842.1:10321893",43,89,46
"TERF2","s329_S_HYP_02_ASEReadCounter.table","NW_015090842.1:10321897",42,85,43
"TERF2","s329_S_HYP_02_ASEReadCounter.table","NW_015090842.1:10321908",43,81,38
"TERF2","s329_S_HYP_02_ASEReadCounter.table","NW_015090842.1:10322001",38,89,51
"TERF2","s329_S_HYP_02_ASEReadCounter.table","NW_015090842.1:10322035",35,77,42
"TERF2","s329_S_HYP_02_ASEReadCounter.table","NW_015090842.1:10322051",35,83,48
"TERF2","s329_S_HYP_02_ASEReadCounter.table","NW_015090842.1:10322137",31,64,33
"TERF2","s329_S_HYP_02_ASEReadCounter.table","NW_015090842.1:10322144",35,66,31
"TERF2","s329_S_HYP_02_ASEReadCounter.table","NW_015090842.1:10322388",26,65,39
"TERF2","s329_S_HYP_02_ASEReadCounter.table","NW_015090842.1:10322396",27,65,38
"TERF2","s329_S_HYP_02_ASEReadCounter.table","NW_015090842.1:10322502",39,84,45
"TERF2","s329_S_HYP_02_ASEReadCounter.table","NW_015090842.1:10322504",38,86,48
"TERF2","s329_S_HYP_02_ASEReadCounter.table","NW_015090842.1:10322510",41,88,47
"TERF2","s329_S_HYP_02_ASEReadCounter.table","NW_015090842.1:10323580",42,86,44
"TERF2","s329_S_HYP_02_ASEReadCounter.table","NW_015090842.1:10324314",37,79,42
"TERF2","s329_S_HYP_02_ASEReadCounter.table","NW_015090842.1:10326832",35,62,27
"TERF2","s329_S_HYP_02_ASEReadCounter.table","NW_015090842.1:10327787",9,34,25
"TERF2","s329_S_HYP_02_ASEReadCounter.table","NW_015090842.1:10328588",23,54,31
"TERF2","s329_S_HYP_02_ASEReadCounter.table","NW_015090842.1:10328644",17,44,27
"TERF2","s329_S_HYP_02_ASEReadCounter.table","NW_015090842.1:10329813",15,33,18
"TERF2","s329_S_HYP_02_ASEReadCounter.table","NW_015090842.1:10330749",14,33,19
"TERF2","s329_S_HYP_02_ASEReadCounter.table","NW_015090842.1:10330789",16,37,21
"CYB5B","s329_S_HYP_02_ASEReadCounter.table","NW_015090842.1:10336595",4,8,4
"CYB5B","s329_S_HYP_02_ASEReadCounter.table","NW_015090842.1:10336667",77,125,48
"CYB5B","s329_S_HYP_02_ASEReadCounter.table","NW_015090842.1:10336689",101,176,75
"CYB5B","s329_S_HYP_02_ASEReadCounter.table","NW_015090842.1:10336728",147,261,114
"CYB5B","s329_S_HYP_02_ASEReadCounter.table","NW_015090842.1:10345068",130,270,140
"CYB5B","s329_S_HYP_02_ASEReadCounter.table","NW_015090842.1:10348800",179,362,183
"CYB5B","s329_S_HYP_02_ASEReadCounter.table","NW_015090842.1:10349046",138,256,118
"CYB5B","s329_S_HYP_02_ASEReadCounter.table","NW_015090842.1:10349119",71,222,151
"CYB5B","s329_S_HYP_02_ASEReadCounter.table","NW_015090842.1:10349146",58,211,153
"CYB5B","s329_S_HYP_02_ASEReadCounter.table","NW_015090842.1:10349157",90,250,160
"CYB5B","s329_S_HYP_02_ASEReadCounter.table","NW_015090842.1:10349263",107,232,125
