"gene","id","snp","ref_count","total_count","alt_count"
"CENPN","s329_S_POA_02_ASEReadCounter.table","NW_015090842.1:5801655",0,1,1
"CENPN","s329_S_POA_02_ASEReadCounter.table","NW_015090842.1:5801670",0,1,1
"CENPN","s329_S_POA_02_ASEReadCounter.table","NW_015090842.1:5801674",0,1,1
"CENPN","s329_S_POA_02_ASEReadCounter.table","NW_015090842.1:5801692",0,1,1
"CENPN","s329_S_POA_02_ASEReadCounter.table","NW_015090842.1:5802008",0,3,3
"CENPN","s329_S_POA_02_ASEReadCounter.table","NW_015090842.1:5802012",0,3,3
"CENPN","s329_S_POA_02_ASEReadCounter.table","NW_015090842.1:5802087",0,3,3
"CENPN","s329_S_POA_02_ASEReadCounter.table","NW_015090842.1:5810113",4,4,0
"CENPN","s329_S_POA_02_ASEReadCounter.table","NW_015090842.1:5810147",6,6,0
"CENPN","s329_S_POA_02_ASEReadCounter.table","NW_015090842.1:5810148",6,6,0
"ATMIN","s329_S_POA_02_ASEReadCounter.table","NW_015090842.1:5818789",8,16,8
"ATMIN","s329_S_POA_02_ASEReadCounter.table","NW_015090842.1:5819958",5,13,8
"ATMIN","s329_S_POA_02_ASEReadCounter.table","NW_015090842.1:5820004",7,17,10
"ATMIN","s329_S_POA_02_ASEReadCounter.table","NW_015090842.1:5820217",6,16,10
"ATMIN","s329_S_POA_02_ASEReadCounter.table","NW_015090842.1:5820250",10,18,8
"ATMIN","s329_S_POA_02_ASEReadCounter.table","NW_015090842.1:5820298",12,20,8
"ATMIN","s329_S_POA_02_ASEReadCounter.table","NW_015090842.1:5820417",12,17,5
"ATMIN","s329_S_POA_02_ASEReadCounter.table","NW_015090842.1:5820421",11,17,6
"ATMIN","s329_S_POA_02_ASEReadCounter.table","NW_015090842.1:5820448",12,15,3
"ATMIN","s329_S_POA_02_ASEReadCounter.table","NW_015090842.1:5820457",10,15,5
"ATMIN","s329_S_POA_02_ASEReadCounter.table","NW_015090842.1:5820510",9,19,10
"ATMIN","s329_S_POA_02_ASEReadCounter.table","NW_015090842.1:5820673",12,19,7
"ATMIN","s329_S_POA_02_ASEReadCounter.table","NW_015090842.1:5820754",9,13,4
"ATMIN","s329_S_POA_02_ASEReadCounter.table","NW_015090842.1:5820820",7,8,1
"ATMIN","s329_S_POA_02_ASEReadCounter.table","NW_015090842.1:5820865",9,16,7
"ATMIN","s329_S_POA_02_ASEReadCounter.table","NW_015090842.1:5820889",8,17,9
"ATMIN","s329_S_POA_02_ASEReadCounter.table","NW_015090842.1:5820891",8,17,9
"ATMIN","s329_S_POA_02_ASEReadCounter.table","NW_015090842.1:5820997",13,32,19
"ATMIN","s329_S_POA_02_ASEReadCounter.table","NW_015090842.1:5821063",16,36,20
"ATMIN","s329_S_POA_02_ASEReadCounter.table","NW_015090842.1:5821132",13,36,23
"ATMIN","s329_S_POA_02_ASEReadCounter.table","NW_015090842.1:5821645",23,39,16
"ATMIN","s329_S_POA_02_ASEReadCounter.table","NW_015090842.1:5825066",19,38,19
"ATMIN","s329_S_POA_02_ASEReadCounter.table","NW_015090842.1:5825106",21,37,16
"ATMIN","s329_S_POA_02_ASEReadCounter.table","NW_015090842.1:5825122",17,40,23
"ATMIN","s329_S_POA_02_ASEReadCounter.table","NW_015090842.1:5825178",24,52,28
"ATMIN","s329_S_POA_02_ASEReadCounter.table","NW_015090842.1:5825194",23,50,27
"ATMIN","s329_S_POA_02_ASEReadCounter.table","NW_015090842.1:5825195",24,52,28
"ATMIN","s329_S_POA_02_ASEReadCounter.table","NW_015090842.1:5825220",24,46,22
"ATMIN","s329_S_POA_02_ASEReadCounter.table","NW_015090842.1:5825240",33,60,27
"ATMIN","s329_S_POA_02_ASEReadCounter.table","NW_015090842.1:5825303",40,71,31
"ATMIN","s329_S_POA_02_ASEReadCounter.table","NW_015090842.1:5825304",40,76,36
"ATMIN","s329_S_POA_02_ASEReadCounter.table","NW_015090842.1:5825310",40,74,34
"ATMIN","s329_S_POA_02_ASEReadCounter.table","NW_015090842.1:5825406",33,62,29
"ATMIN","s329_S_POA_02_ASEReadCounter.table","NW_015090842.1:5825415",36,64,28
"ATMIN","s329_S_POA_02_ASEReadCounter.table","NW_015090842.1:5825438",39,69,30
"ATMIN","s329_S_POA_02_ASEReadCounter.table","NW_015090842.1:5825485",40,68,28
"ATMIN","s329_S_POA_02_ASEReadCounter.table","NW_015090842.1:5825524",40,64,24
"ATMIN","s329_S_POA_02_ASEReadCounter.table","NW_015090842.1:5825557",34,61,27
"ATMIN","s329_S_POA_02_ASEReadCounter.table","NW_015090842.1:5825571",31,58,27
"ATMIN","s329_S_POA_02_ASEReadCounter.table","NW_015090842.1:5825579",32,60,28
"ATMIN","s329_S_POA_02_ASEReadCounter.table","NW_015090842.1:5825590",26,51,25
"ATMIN","s329_S_POA_02_ASEReadCounter.table","NW_015090842.1:5825689",30,70,40
"ATMIN","s329_S_POA_02_ASEReadCounter.table","NW_015090842.1:5825703",38,76,38
"ATMIN","s329_S_POA_02_ASEReadCounter.table","NW_015090842.1:5825787",39,66,27
"ATMIN","s329_S_POA_02_ASEReadCounter.table","NW_015090842.1:5825833",45,78,33
"ATMIN","s329_S_POA_02_ASEReadCounter.table","NW_015090842.1:5825841",39,69,30
"ATMIN","s329_S_POA_02_ASEReadCounter.table","NW_015090842.1:5825895",47,83,36
"ATMIN","s329_S_POA_02_ASEReadCounter.table","NW_015090842.1:5825984",32,78,46
"ATMIN","s329_S_POA_02_ASEReadCounter.table","NW_015090842.1:5826162",42,82,40
"ATMIN","s329_S_POA_02_ASEReadCounter.table","NW_015090842.1:5826194",44,89,45
"ATMIN","s329_S_POA_02_ASEReadCounter.table","NW_015090842.1:5826235",47,94,47
"ATMIN","s329_S_POA_02_ASEReadCounter.table","NW_015090842.1:5826245",47,95,48
"ATMIN","s329_S_POA_02_ASEReadCounter.table","NW_015090842.1:5826335",20,49,29
"ATMIN","s329_S_POA_02_ASEReadCounter.table","NW_015090842.1:5826417",27,67,40
"ATMIN","s329_S_POA_02_ASEReadCounter.table","NW_015090842.1:5826431",19,67,48
"ATMIN","s329_S_POA_02_ASEReadCounter.table","NW_015090842.1:5826438",21,60,39
"ATMIN","s329_S_POA_02_ASEReadCounter.table","NW_015090842.1:5826463",24,77,53
"ATMIN","s329_S_POA_02_ASEReadCounter.table","NW_015090842.1:5826502",24,72,48
"ATMIN","s329_S_POA_02_ASEReadCounter.table","NW_015090842.1:5826511",27,76,49
"ATMIN","s329_S_POA_02_ASEReadCounter.table","NW_015090842.1:5826659",27,60,33
"ATMIN","s329_S_POA_02_ASEReadCounter.table","NW_015090842.1:5826701",25,70,45
"ATMIN","s329_S_POA_02_ASEReadCounter.table","NW_015090842.1:5826702",26,72,46
"ATMIN","s329_S_POA_02_ASEReadCounter.table","NW_015090842.1:5826732",35,91,56
"ATMIN","s329_S_POA_02_ASEReadCounter.table","NW_015090842.1:5826745",39,99,60
"ATMIN","s329_S_POA_02_ASEReadCounter.table","NW_015090842.1:5826835",61,112,51
"ATMIN","s329_S_POA_02_ASEReadCounter.table","NW_015090842.1:5826910",48,86,38
"ATMIN","s329_S_POA_02_ASEReadCounter.table","NW_015090842.1:5826942",29,75,46
"ATMIN","s329_S_POA_02_ASEReadCounter.table","NW_015090842.1:5827193",57,140,83
"ATMIN","s329_S_POA_02_ASEReadCounter.table","NW_015090842.1:5827196",55,141,86
"ATMIN","s329_S_POA_02_ASEReadCounter.table","NW_015090842.1:5827269",65,139,74
"ATMIN","s329_S_POA_02_ASEReadCounter.table","NW_015090842.1:5827315",51,112,61
"ATMIN","s329_S_POA_02_ASEReadCounter.table","NW_015090842.1:5827316",51,113,62
"ATMIN","s329_S_POA_02_ASEReadCounter.table","NW_015090842.1:5827333",51,105,54
"PPP1R3E","s329_S_POA_02_ASEReadCounter.table","NW_015090842.1:5837733",7,14,7
"PPP1R3E","s329_S_POA_02_ASEReadCounter.table","NW_015090842.1:5837947",6,10,4
"PKD1L2","s329_S_POA_02_ASEReadCounter.table","NW_015090842.1:5867509",1,2,1
"PKD1L2","s329_S_POA_02_ASEReadCounter.table","NW_015090842.1:5867597",0,1,1
"PKD1L2","s329_S_POA_02_ASEReadCounter.table","NW_015090842.1:5867600",0,1,1
"PKD1L2","s329_S_POA_02_ASEReadCounter.table","NW_015090842.1:5867660",1,1,0
"PKD1L2","s329_S_POA_02_ASEReadCounter.table","NW_015090842.1:5867675",1,1,0
"PKD1L2","s329_S_POA_02_ASEReadCounter.table","NW_015090842.1:5867788",3,3,0
"PKD1L2","s329_S_POA_02_ASEReadCounter.table","NW_015090842.1:5867843",3,3,0
"BCO1","s329_S_POA_02_ASEReadCounter.table","NW_015090842.1:5915610",1,1,0
"BCO1","s329_S_POA_02_ASEReadCounter.table","NW_015090842.1:5915646",2,2,0
"BCO1","s329_S_POA_02_ASEReadCounter.table","NW_015090842.1:5917836",6,8,2
"BCO1","s329_S_POA_02_ASEReadCounter.table","NW_015090842.1:5917912",6,8,2
"BCO1","s329_S_POA_02_ASEReadCounter.table","NW_015090842.1:5917941",4,6,2
"BCO1","s329_S_POA_02_ASEReadCounter.table","NW_015090842.1:5917971",3,5,2
"BCO1","s329_S_POA_02_ASEReadCounter.table","NW_015090842.1:5921679",4,5,1
"BCO1","s329_S_POA_02_ASEReadCounter.table","NW_015090842.1:5921726",3,6,3
"BCO1","s329_S_POA_02_ASEReadCounter.table","NW_015090842.1:5925669",1,2,1
"BCO1","s329_S_POA_02_ASEReadCounter.table","NW_015090842.1:5925753",6,8,2
"BCO1","s329_S_POA_02_ASEReadCounter.table","NW_015090842.1:5926937",6,8,2
"BCO1","s329_S_POA_02_ASEReadCounter.table","NW_015090842.1:5927921",6,9,3
"BCO1","s329_S_POA_02_ASEReadCounter.table","NW_015090842.1:5927948",7,11,4
"BCO1","s329_S_POA_02_ASEReadCounter.table","NW_015090842.1:5927968",6,9,3
"BCO1","s329_S_POA_02_ASEReadCounter.table","NW_015090842.1:5928052",4,7,3
"BCO1","s329_S_POA_02_ASEReadCounter.table","NW_015090842.1:5932726",10,16,6
"BCO1","s329_S_POA_02_ASEReadCounter.table","NW_015090842.1:5932801",7,11,4
"BCO1","s329_S_POA_02_ASEReadCounter.table","NW_015090842.1:5934558",6,8,2
"BCO1","s329_S_POA_02_ASEReadCounter.table","NW_015090842.1:5934575",6,9,3
"BCO1","s329_S_POA_02_ASEReadCounter.table","NW_015090842.1:5934608",7,10,3
"BCO1","s329_S_POA_02_ASEReadCounter.table","NW_015090842.1:5934647",14,16,2
"BCO1","s329_S_POA_02_ASEReadCounter.table","NW_015090842.1:5934725",11,12,1
"BCO1","s329_S_POA_02_ASEReadCounter.table","NW_015090842.1:5934726",11,12,1
"BCO1","s329_S_POA_02_ASEReadCounter.table","NW_015090842.1:5934733",9,10,1
"BCO1","s329_S_POA_02_ASEReadCounter.table","NW_015090842.1:5934821",3,6,3
"BCO1","s329_S_POA_02_ASEReadCounter.table","NW_015090842.1:5934826",1,4,3
"BCO1","s329_S_POA_02_ASEReadCounter.table","NW_015090842.1:5934844",1,3,2
"BCO1","s329_S_POA_02_ASEReadCounter.table","NW_015090842.1:5934958",7,13,6
"BCO1","s329_S_POA_02_ASEReadCounter.table","NW_015090842.1:5934976",7,15,8
"GAN","s329_S_POA_02_ASEReadCounter.table","NW_015090842.1:5953759",7,20,13
"GAN","s329_S_POA_02_ASEReadCounter.table","NW_015090842.1:5957502",17,37,20
"GAN","s329_S_POA_02_ASEReadCounter.table","NW_015090842.1:5957578",12,34,22
"GAN","s329_S_POA_02_ASEReadCounter.table","NW_015090842.1:5965028",14,27,13
"GAN","s329_S_POA_02_ASEReadCounter.table","NW_015090842.1:5966047",13,32,19
"GAN","s329_S_POA_02_ASEReadCounter.table","NW_015090842.1:5966126",9,29,20
"GAN","s329_S_POA_02_ASEReadCounter.table","NW_015090842.1:5966127",9,29,20
"GAN","s329_S_POA_02_ASEReadCounter.table","NW_015090842.1:5966162",19,40,21
"GAN","s329_S_POA_02_ASEReadCounter.table","NW_015090842.1:5966483",25,61,36
"CMIP","s329_S_POA_02_ASEReadCounter.table","NW_015090842.1:6109159",30,49,19
"CMIP","s329_S_POA_02_ASEReadCounter.table","NW_015090842.1:6109166",22,38,16
"CMIP","s329_S_POA_02_ASEReadCounter.table","NW_015090842.1:6114641",38,53,15
"CMIP","s329_S_POA_02_ASEReadCounter.table","NW_015090842.1:6114751",24,54,30
"CMIP","s329_S_POA_02_ASEReadCounter.table","NW_015090842.1:6114824",21,49,28
"CMIP","s329_S_POA_02_ASEReadCounter.table","NW_015090842.1:6128998",31,62,31
"CMIP","s329_S_POA_02_ASEReadCounter.table","NW_015090842.1:6130562",50,108,58
"CMIP","s329_S_POA_02_ASEReadCounter.table","NW_015090842.1:6132522",60,120,60
"CMIP","s329_S_POA_02_ASEReadCounter.table","NW_015090842.1:6134088",47,101,54
"CMIP","s329_S_POA_02_ASEReadCounter.table","NW_015090842.1:6138265",62,170,108
"CMIP","s329_S_POA_02_ASEReadCounter.table","NW_015090842.1:6138300",69,177,108
"CMIP","s329_S_POA_02_ASEReadCounter.table","NW_015090842.1:6138342",66,166,100
"CMIP","s329_S_POA_02_ASEReadCounter.table","NW_015090842.1:6138343",66,165,99
"CMIP","s329_S_POA_02_ASEReadCounter.table","NW_015090842.1:6138345",66,166,100
"CMIP","s329_S_POA_02_ASEReadCounter.table","NW_015090842.1:6138647",56,112,56
"CMIP","s329_S_POA_02_ASEReadCounter.table","NW_015090842.1:6138745",61,132,71
"CMIP","s329_S_POA_02_ASEReadCounter.table","NW_015090842.1:6138832",12,48,36
"CMIP","s329_S_POA_02_ASEReadCounter.table","NW_015090842.1:6138967",54,129,75
"CMIP","s329_S_POA_02_ASEReadCounter.table","NW_015090842.1:6139131",33,78,45
"CMIP","s329_S_POA_02_ASEReadCounter.table","NW_015090842.1:6139163",20,72,52
"CMIP","s329_S_POA_02_ASEReadCounter.table","NW_015090842.1:6139360",29,54,25
"CMIP","s329_S_POA_02_ASEReadCounter.table","NW_015090842.1:6139572",24,40,16
"CMIP","s329_S_POA_02_ASEReadCounter.table","NW_015090842.1:6139773",69,69,0
"PLCG2","s329_S_POA_02_ASEReadCounter.table","NW_015090842.1:6179613",2,4,2
"PLCG2","s329_S_POA_02_ASEReadCounter.table","NW_015090842.1:6179658",1,4,3
"PLCG2","s329_S_POA_02_ASEReadCounter.table","NW_015090842.1:6203766",3,8,5
"PLCG2","s329_S_POA_02_ASEReadCounter.table","NW_015090842.1:6203775",3,8,5
"PLCG2","s329_S_POA_02_ASEReadCounter.table","NW_015090842.1:6203787",3,9,6
"PLCG2","s329_S_POA_02_ASEReadCounter.table","NW_015090842.1:6205047",3,7,4
"PLCG2","s329_S_POA_02_ASEReadCounter.table","NW_015090842.1:6208541",0,4,4
"PLCG2","s329_S_POA_02_ASEReadCounter.table","NW_015090842.1:6209798",0,2,2
"PLCG2","s329_S_POA_02_ASEReadCounter.table","NW_015090842.1:6209816",0,4,4
"PLCG2","s329_S_POA_02_ASEReadCounter.table","NW_015090842.1:6217547",0,3,3
"PLCG2","s329_S_POA_02_ASEReadCounter.table","NW_015090842.1:6218641",1,5,4
"PLCG2","s329_S_POA_02_ASEReadCounter.table","NW_015090842.1:6220552",1,6,5
"PLCG2","s329_S_POA_02_ASEReadCounter.table","NW_015090842.1:6221969",1,2,1
"PLCG2","s329_S_POA_02_ASEReadCounter.table","NW_015090842.1:6228672",1,9,8
"PLCG2","s329_S_POA_02_ASEReadCounter.table","NW_015090842.1:6228694",1,8,7
"PLCG2","s329_S_POA_02_ASEReadCounter.table","NW_015090842.1:6228722",1,8,7
"PLCG2","s329_S_POA_02_ASEReadCounter.table","NW_015090842.1:6228747",1,9,8
"PLCG2","s329_S_POA_02_ASEReadCounter.table","NW_015090842.1:6228835",1,4,3
"PLCG2","s329_S_POA_02_ASEReadCounter.table","NW_015090842.1:6228841",1,4,3
"PLCG2","s329_S_POA_02_ASEReadCounter.table","NW_015090842.1:6228865",1,7,6
"PLCG2","s329_S_POA_02_ASEReadCounter.table","NW_015090842.1:6228917",0,5,5
"PLCG2","s329_S_POA_02_ASEReadCounter.table","NW_015090842.1:6228926",1,6,5
"PLCG2","s329_S_POA_02_ASEReadCounter.table","NW_015090842.1:6228954",2,3,1
"PLCG2","s329_S_POA_02_ASEReadCounter.table","NW_015090842.1:6229002",2,4,2
"PLCG2","s329_S_POA_02_ASEReadCounter.table","NW_015090842.1:6229006",2,4,2
"PLCG2","s329_S_POA_02_ASEReadCounter.table","NW_015090842.1:6229081",0,3,3
"PLCG2","s329_S_POA_02_ASEReadCounter.table","NW_015090842.1:6229097",1,4,3
"PLCG2","s329_S_POA_02_ASEReadCounter.table","NW_015090842.1:6229160",2,8,6
"PLCG2","s329_S_POA_02_ASEReadCounter.table","NW_015090842.1:6229213",2,6,4
"PLCG2","s329_S_POA_02_ASEReadCounter.table","NW_015090842.1:6229231",2,6,4
"PLCG2","s329_S_POA_02_ASEReadCounter.table","NW_015090842.1:6229663",1,1,0
"PLCG2","s329_S_POA_02_ASEReadCounter.table","NW_015090842.1:6229892",3,4,1
"PLCG2","s329_S_POA_02_ASEReadCounter.table","NW_015090842.1:6230248",1,4,3
"PLCG2","s329_S_POA_02_ASEReadCounter.table","NW_015090842.1:6230255",1,4,3
"PLCG2","s329_S_POA_02_ASEReadCounter.table","NW_015090842.1:6230296",0,1,1
"PLCG2","s329_S_POA_02_ASEReadCounter.table","NW_015090842.1:6230349",1,4,3
"PLCG2","s329_S_POA_02_ASEReadCounter.table","NW_015090842.1:6230381",2,4,2
"PLCG2","s329_S_POA_02_ASEReadCounter.table","NW_015090842.1:6230408",2,5,3
"PLCG2","s329_S_POA_02_ASEReadCounter.table","NW_015090842.1:6230439",2,4,2
"PLCG2","s329_S_POA_02_ASEReadCounter.table","NW_015090842.1:6230898",3,4,1
"PLCG2","s329_S_POA_02_ASEReadCounter.table","NW_015090842.1:6230976",5,8,3
"PLCG2","s329_S_POA_02_ASEReadCounter.table","NW_015090842.1:6231078",2,5,3
"PLCG2","s329_S_POA_02_ASEReadCounter.table","NW_015090842.1:6231138",1,3,2
"PLCG2","s329_S_POA_02_ASEReadCounter.table","NW_015090842.1:6231177",1,3,2
"PLCG2","s329_S_POA_02_ASEReadCounter.table","NW_015090842.1:6231263",1,3,2
"PLCG2","s329_S_POA_02_ASEReadCounter.table","NW_015090842.1:6231309",1,3,2
"SDR42E1","s329_S_POA_02_ASEReadCounter.table","NW_015090842.1:6235292",0,5,5
"SDR42E1","s329_S_POA_02_ASEReadCounter.table","NW_015090842.1:6235315",0,9,9
"SDR42E1","s329_S_POA_02_ASEReadCounter.table","NW_015090842.1:6235348",1,10,9
"SDR42E1","s329_S_POA_02_ASEReadCounter.table","NW_015090842.1:6235355",1,10,9
"SDR42E1","s329_S_POA_02_ASEReadCounter.table","NW_015090842.1:6235417",1,7,6
"SDR42E1","s329_S_POA_02_ASEReadCounter.table","NW_015090842.1:6235526",11,16,5
"SDR42E1","s329_S_POA_02_ASEReadCounter.table","NW_015090842.1:6235558",3,14,11
"SDR42E1","s329_S_POA_02_ASEReadCounter.table","NW_015090842.1:6235603",15,18,3
"SDR42E1","s329_S_POA_02_ASEReadCounter.table","NW_015090842.1:6235741",4,17,13
"SDR42E1","s329_S_POA_02_ASEReadCounter.table","NW_015090842.1:6235777",7,21,14
"SDR42E1","s329_S_POA_02_ASEReadCounter.table","NW_015090842.1:6235806",5,22,17
"SDR42E1","s329_S_POA_02_ASEReadCounter.table","NW_015090842.1:6235809",5,22,17
"SDR42E1","s329_S_POA_02_ASEReadCounter.table","NW_015090842.1:6235816",4,19,15
"SDR42E1","s329_S_POA_02_ASEReadCounter.table","NW_015090842.1:6235914",1,8,7
"SDR42E1","s329_S_POA_02_ASEReadCounter.table","NW_015090842.1:6235935",1,8,7
"SDR42E1","s329_S_POA_02_ASEReadCounter.table","NW_015090842.1:6235957",2,10,8
"SDR42E1","s329_S_POA_02_ASEReadCounter.table","NW_015090842.1:6236040",1,10,9
"SDR42E1","s329_S_POA_02_ASEReadCounter.table","NW_015090842.1:6236260",4,12,8
"SDR42E1","s329_S_POA_02_ASEReadCounter.table","NW_015090842.1:6236281",4,12,8
"SDR42E1","s329_S_POA_02_ASEReadCounter.table","NW_015090842.1:6236305",3,12,9
"SDR42E1","s329_S_POA_02_ASEReadCounter.table","NW_015090842.1:6236458",1,6,5
"SDR42E1","s329_S_POA_02_ASEReadCounter.table","NW_015090842.1:6236476",2,9,7
"SDR42E1","s329_S_POA_02_ASEReadCounter.table","NW_015090842.1:6236608",1,2,1
"SDR42E1","s329_S_POA_02_ASEReadCounter.table","NW_015090842.1:6238244",2,6,4
"SDR42E1","s329_S_POA_02_ASEReadCounter.table","NW_015090842.1:6238829",0,5,5
"HSD17B2","s329_S_POA_02_ASEReadCounter.table","NW_015090842.1:6267358",1,2,1
"HSD17B2","s329_S_POA_02_ASEReadCounter.table","NW_015090842.1:6267674",1,3,2
"HSD17B2","s329_S_POA_02_ASEReadCounter.table","NW_015090842.1:6268098",0,1,1
"ARY2","s329_S_POA_02_ASEReadCounter.table","NW_015090842.1:6303922",27,43,16
"ARY2","s329_S_POA_02_ASEReadCounter.table","NW_015090842.1:6303954",23,39,16
"ARY2","s329_S_POA_02_ASEReadCounter.table","NW_015090842.1:6303979",31,45,14
"ARY2","s329_S_POA_02_ASEReadCounter.table","NW_015090842.1:6305848",32,43,11
"ARY2","s329_S_POA_02_ASEReadCounter.table","NW_015090842.1:6305856",28,40,12
"ARY2","s329_S_POA_02_ASEReadCounter.table","NW_015090842.1:6305857",29,43,14
"ARY2","s329_S_POA_02_ASEReadCounter.table","NW_015090842.1:6306017",41,61,20
"ARY2","s329_S_POA_02_ASEReadCounter.table","NW_015090842.1:6306052",42,65,23
"ARY2","s329_S_POA_02_ASEReadCounter.table","NW_015090842.1:6306094",49,74,25
"ARY2","s329_S_POA_02_ASEReadCounter.table","NW_015090842.1:6306100",49,76,27
"ARY2","s329_S_POA_02_ASEReadCounter.table","NW_015090842.1:6306146",39,64,25
"ARY2","s329_S_POA_02_ASEReadCounter.table","NW_015090842.1:6306147",38,62,24
"ARY2","s329_S_POA_02_ASEReadCounter.table","NW_015090842.1:6306390",42,62,20
"ARY2","s329_S_POA_02_ASEReadCounter.table","NW_015090842.1:6306567",47,62,15
"ARY2","s329_S_POA_02_ASEReadCounter.table","NW_015090842.1:6306705",31,43,12
"ARY2","s329_S_POA_02_ASEReadCounter.table","NW_015090842.1:6306713",13,48,35
"ARY2","s329_S_POA_02_ASEReadCounter.table","NW_015090842.1:6306773",38,51,13
"ARY2","s329_S_POA_02_ASEReadCounter.table","NW_015090842.1:6307039",30,47,17
"ARY2","s329_S_POA_02_ASEReadCounter.table","NW_015090842.1:6307043",32,50,18
"ARY2","s329_S_POA_02_ASEReadCounter.table","NW_015090842.1:6307093",32,45,13
"ARY2","s329_S_POA_02_ASEReadCounter.table","NW_015090842.1:6307138",36,49,13
"ARY2","s329_S_POA_02_ASEReadCounter.table","NW_015090842.1:6307157",43,58,15
"ARY2","s329_S_POA_02_ASEReadCounter.table","NW_015090842.1:6307187",57,71,14
"ARY2","s329_S_POA_02_ASEReadCounter.table","NW_015090842.1:6307278",35,47,12
"ARY2","s329_S_POA_02_ASEReadCounter.table","NW_015090842.1:6307305",39,52,13
"ARY2","s329_S_POA_02_ASEReadCounter.table","NW_015090842.1:6307318",37,54,17
"ARY2","s329_S_POA_02_ASEReadCounter.table","NW_015090842.1:6307429",37,54,17
"ARY2","s329_S_POA_02_ASEReadCounter.table","NW_015090842.1:6307487",35,55,20
"ARY2","s329_S_POA_02_ASEReadCounter.table","NW_015090842.1:6307670",22,28,6
"ARYL","s329_S_POA_02_ASEReadCounter.table","NW_015090842.1:6313360",2,4,2
"ARYL","s329_S_POA_02_ASEReadCounter.table","NW_015090842.1:6313377",1,3,2
"ARYL","s329_S_POA_02_ASEReadCounter.table","NW_015090842.1:6313767",2,4,2
"ARY1","s329_S_POA_02_ASEReadCounter.table","NW_015090842.1:6313909",1,3,2
"ARY1","s329_S_POA_02_ASEReadCounter.table","NW_015090842.1:6314296",6,14,8
"ARY1","s329_S_POA_02_ASEReadCounter.table","NW_015090842.1:6314541",5,8,3
"ARY1","s329_S_POA_02_ASEReadCounter.table","NW_015090842.1:6314597",8,11,3
"ARY1","s329_S_POA_02_ASEReadCounter.table","NW_015090842.1:6314750",10,14,4
"ARY1","s329_S_POA_02_ASEReadCounter.table","NW_015090842.1:6314794",9,14,5
"ARY1","s329_S_POA_02_ASEReadCounter.table","NW_015090842.1:6314827",9,12,3
"ARY1","s329_S_POA_02_ASEReadCounter.table","NW_015090842.1:6314843",4,6,2
"ARY1","s329_S_POA_02_ASEReadCounter.table","NW_015090842.1:6314859",9,11,2
"ARY1","s329_S_POA_02_ASEReadCounter.table","NW_015090842.1:6314886",8,12,4
"ARY1","s329_S_POA_02_ASEReadCounter.table","NW_015090842.1:6314943",5,13,8
"ARY1","s329_S_POA_02_ASEReadCounter.table","NW_015090842.1:6314949",12,12,0
"ARY1","s329_S_POA_02_ASEReadCounter.table","NW_015090842.1:6315022",5,11,6
"ARY1","s329_S_POA_02_ASEReadCounter.table","NW_015090842.1:6315026",5,11,6
"ARY1","s329_S_POA_02_ASEReadCounter.table","NW_015090842.1:6315043",4,9,5
"ARY1","s329_S_POA_02_ASEReadCounter.table","NW_015090842.1:6315065",4,8,4
"ARY1","s329_S_POA_02_ASEReadCounter.table","NW_015090842.1:6315409",2,3,1
"ARY1","s329_S_POA_02_ASEReadCounter.table","NW_015090842.1:6315479",1,3,2
"ARY1","s329_S_POA_02_ASEReadCounter.table","NW_015090842.1:6318342",10,15,5
"ARY1","s329_S_POA_02_ASEReadCounter.table","NW_015090842.1:6318427",8,14,6
"ARY1","s329_S_POA_02_ASEReadCounter.table","NW_015090842.1:6318603",7,11,4
"ARY1","s329_S_POA_02_ASEReadCounter.table","NW_015090842.1:6318708",11,16,5
"ARY1","s329_S_POA_02_ASEReadCounter.table","NW_015090842.1:6318858",10,15,5
"ARY1","s329_S_POA_02_ASEReadCounter.table","NW_015090842.1:6318952",17,24,7
"MPHOSPH6","s329_S_POA_02_ASEReadCounter.table","NW_015090842.1:6324063",45,109,64
"MPHOSPH6","s329_S_POA_02_ASEReadCounter.table","NW_015090842.1:6324174",64,171,107
"MPHOSPH6","s329_S_POA_02_ASEReadCounter.table","NW_015090842.1:6324270",87,218,131
"MPHOSPH6","s329_S_POA_02_ASEReadCounter.table","NW_015090842.1:6324762",72,158,86
"MPHOSPH6","s329_S_POA_02_ASEReadCounter.table","NW_015090842.1:6324772",74,151,77
"MPHOSPH6","s329_S_POA_02_ASEReadCounter.table","NW_015090842.1:6324780",72,148,76
"MPHOSPH6","s329_S_POA_02_ASEReadCounter.table","NW_015090842.1:6324902",86,173,87
"MPHOSPH6","s329_S_POA_02_ASEReadCounter.table","NW_015090842.1:6324910",87,170,83
"MPHOSPH6","s329_S_POA_02_ASEReadCounter.table","NW_015090842.1:6325066",88,178,90
"MPHOSPH6","s329_S_POA_02_ASEReadCounter.table","NW_015090842.1:6325089",109,208,99
"MPHOSPH6","s329_S_POA_02_ASEReadCounter.table","NW_015090842.1:6325298",119,231,112
"MPHOSPH6","s329_S_POA_02_ASEReadCounter.table","NW_015090842.1:6325877",86,217,131
"MPHOSPH6","s329_S_POA_02_ASEReadCounter.table","NW_015090842.1:6326976",66,161,95
"CDH13","s329_S_POA_02_ASEReadCounter.table","NW_015090842.1:6662283",21,52,31
"CDH13","s329_S_POA_02_ASEReadCounter.table","NW_015090842.1:6693665",21,48,27
"CDH13","s329_S_POA_02_ASEReadCounter.table","NW_015090842.1:6693697",23,49,26
"CDH13","s329_S_POA_02_ASEReadCounter.table","NW_015090842.1:6693712",24,47,23
"CDH13","s329_S_POA_02_ASEReadCounter.table","NW_015090842.1:6693723",24,46,22
"CDH13","s329_S_POA_02_ASEReadCounter.table","NW_015090842.1:6693738",0,44,44
"CDH13","s329_S_POA_02_ASEReadCounter.table","NW_015090842.1:6823730",27,51,24
"CDH13","s329_S_POA_02_ASEReadCounter.table","NW_015090842.1:6889713",29,51,22
"CDH13","s329_S_POA_02_ASEReadCounter.table","NW_015090842.1:6955167",55,98,43
"MLYCD","s329_S_POA_02_ASEReadCounter.table","NW_015090842.1:7150054",40,91,51
"MLYCD","s329_S_POA_02_ASEReadCounter.table","NW_015090842.1:7150131",69,153,84
"MLYCD","s329_S_POA_02_ASEReadCounter.table","NW_015090842.1:7150585",47,108,61
"MLYCD","s329_S_POA_02_ASEReadCounter.table","NW_015090842.1:7150686",39,89,50
"MLYCD","s329_S_POA_02_ASEReadCounter.table","NW_015090842.1:7150696",45,97,52
"MLYCD","s329_S_POA_02_ASEReadCounter.table","NW_015090842.1:7150698",97,97,0
"MLYCD","s329_S_POA_02_ASEReadCounter.table","NW_015090842.1:7150869",49,95,46
"MLYCD","s329_S_POA_02_ASEReadCounter.table","NW_015090842.1:7151100",36,68,32
"MLYCD","s329_S_POA_02_ASEReadCounter.table","NW_015090842.1:7151127",39,78,39
"MLYCD","s329_S_POA_02_ASEReadCounter.table","NW_015090842.1:7157538",39,80,41
"MLYCD","s329_S_POA_02_ASEReadCounter.table","NW_015090842.1:7167662",17,43,26
"MLYCD","s329_S_POA_02_ASEReadCounter.table","NW_015090842.1:7167675",19,42,23
"MLYCD","s329_S_POA_02_ASEReadCounter.table","NW_015090842.1:7167710",18,41,23
"MLYCD","s329_S_POA_02_ASEReadCounter.table","NW_015090842.1:7167781",18,33,15
"MLYCD","s329_S_POA_02_ASEReadCounter.table","NW_015090842.1:7167803",17,27,10
"MLYCD","s329_S_POA_02_ASEReadCounter.table","NW_015090842.1:7167812",16,30,14
"MLYCD","s329_S_POA_02_ASEReadCounter.table","NW_015090842.1:7167845",20,35,15
"MLYCD","s329_S_POA_02_ASEReadCounter.table","NW_015090842.1:7167862",20,33,13
"MLYCD","s329_S_POA_02_ASEReadCounter.table","NW_015090842.1:7167929",10,19,9
"MLYCD","s329_S_POA_02_ASEReadCounter.table","NW_015090842.1:7167995",9,15,6
"MLYCD","s329_S_POA_02_ASEReadCounter.table","NW_015090842.1:7168005",9,15,6
"MLYCD","s329_S_POA_02_ASEReadCounter.table","NW_015090842.1:7168037",8,15,7
"HSBP1","s329_S_POA_02_ASEReadCounter.table","NW_015090842.1:7245192",356,668,312
"HSBP1","s329_S_POA_02_ASEReadCounter.table","NW_015090842.1:7245226",415,803,388
"HSBP1","s329_S_POA_02_ASEReadCounter.table","NW_015090842.1:7245257",376,725,349
"HSBP1","s329_S_POA_02_ASEReadCounter.table","NW_015090842.1:7245296",393,772,379
"HSBP1","s329_S_POA_02_ASEReadCounter.table","NW_015090842.1:7245389",564,972,408
"HSBP1","s329_S_POA_02_ASEReadCounter.table","NW_015090842.1:7245400",569,945,376
"HSBP1","s329_S_POA_02_ASEReadCounter.table","NW_015090842.1:7245445",540,944,404
"HSBP1","s329_S_POA_02_ASEReadCounter.table","NW_015090842.1:7245495",512,909,397
"HSBP1","s329_S_POA_02_ASEReadCounter.table","NW_015090842.1:7245515",592,1035,443
"HSBP1","s329_S_POA_02_ASEReadCounter.table","NW_015090842.1:7245733",346,700,354
"HSBP1","s329_S_POA_02_ASEReadCounter.table","NW_015090842.1:7245771",389,733,344
"HSBP1","s329_S_POA_02_ASEReadCounter.table","NW_015090842.1:7245813",374,681,307
"HSBP1","s329_S_POA_02_ASEReadCounter.table","NW_015090842.1:7245926",416,785,369
"HSBP1","s329_S_POA_02_ASEReadCounter.table","NW_015090842.1:7245927",415,782,367
"HSBP1","s329_S_POA_02_ASEReadCounter.table","NW_015090842.1:7245933",419,773,354
"HSBP1","s329_S_POA_02_ASEReadCounter.table","NW_015090842.1:7246002",326,632,306
"HSBP1","s329_S_POA_02_ASEReadCounter.table","NW_015090842.1:7246094",407,718,311
"HSBP1","s329_S_POA_02_ASEReadCounter.table","NW_015090842.1:7246167",425,754,329
"HSBP1","s329_S_POA_02_ASEReadCounter.table","NW_015090842.1:7246183",410,756,346
"HSBP1","s329_S_POA_02_ASEReadCounter.table","NW_015090842.1:7247285",41,54,13
"HSBP1","s329_S_POA_02_ASEReadCounter.table","NW_015090842.1:7247651",456,918,462
"HSBP1","s329_S_POA_02_ASEReadCounter.table","NW_015090842.1:7247657",435,900,465
"HSBP1","s329_S_POA_02_ASEReadCounter.table","NW_015090842.1:7248520",303,593,290
"HSBP1","s329_S_POA_02_ASEReadCounter.table","NW_015090842.1:7248535",245,472,227
"KCNG4","s329_S_POA_02_ASEReadCounter.table","NW_015090842.1:7282481",1,1,0
"KCNG4","s329_S_POA_02_ASEReadCounter.table","NW_015090842.1:7282579",0,1,1
"KCNG4","s329_S_POA_02_ASEReadCounter.table","NW_015090842.1:7282630",0,1,1
"KCNG4","s329_S_POA_02_ASEReadCounter.table","NW_015090842.1:7282760",1,2,1
"KCNG4","s329_S_POA_02_ASEReadCounter.table","NW_015090842.1:7283056",1,1,0
"KCNG4","s329_S_POA_02_ASEReadCounter.table","NW_015090842.1:7283245",1,1,0
"KCNG4","s329_S_POA_02_ASEReadCounter.table","NW_015090842.1:7299491",1,2,1
"KCNG4","s329_S_POA_02_ASEReadCounter.table","NW_015090842.1:7301227",0,1,1
"KCNG4","s329_S_POA_02_ASEReadCounter.table","NW_015090842.1:7301240",0,1,1
"KCNG4","s329_S_POA_02_ASEReadCounter.table","NW_015090842.1:7301413",1,2,1
"WFDC1","s329_S_POA_02_ASEReadCounter.table","NW_015090842.1:7366517",1,1,0
"ATP2C2","s329_S_POA_02_ASEReadCounter.table","NW_015090842.1:7413747",1,4,3
"TLDC1","s329_S_POA_02_ASEReadCounter.table","NW_015090842.1:7421997",32,72,40
"COTL1","s329_S_POA_02_ASEReadCounter.table","NW_015090842.1:7490707",532,1026,494
"COTL1","s329_S_POA_02_ASEReadCounter.table","NW_015090842.1:7490708",532,1029,497
"COTL1","s329_S_POA_02_ASEReadCounter.table","NW_015090842.1:7490711",539,1036,497
"COTL1","s329_S_POA_02_ASEReadCounter.table","NW_015090842.1:7490739",519,1007,488
"COTL1","s329_S_POA_02_ASEReadCounter.table","NW_015090842.1:7490785",484,955,471
"COTL1","s329_S_POA_02_ASEReadCounter.table","NW_015090842.1:7490820",43,631,588
"COTL1","s329_S_POA_02_ASEReadCounter.table","NW_015090842.1:7490846",487,976,489
"COTL1","s329_S_POA_02_ASEReadCounter.table","NW_015090842.1:7505571",1,1,0
"COTL1","s329_S_POA_02_ASEReadCounter.table","NW_015090842.1:7505672",1,3,2
"KLHL36","s329_S_POA_02_ASEReadCounter.table","NW_015090842.1:7526337",79,79,0
"KLHL36","s329_S_POA_02_ASEReadCounter.table","NW_015090842.1:7537681",53,139,86
"USP10","s329_S_POA_02_ASEReadCounter.table","NW_015090842.1:7572213",58,120,62
"USP10","s329_S_POA_02_ASEReadCounter.table","NW_015090842.1:7572358",83,83,0
"CRISPLD2","s329_S_POA_02_ASEReadCounter.table","NW_015090842.1:7619796",3,3,0
"CRISPLD2","s329_S_POA_02_ASEReadCounter.table","NW_015090842.1:7630779",5,5,0
"CRISPLD2","s329_S_POA_02_ASEReadCounter.table","NW_015090842.1:7633611",7,14,7
"CRISPLD2","s329_S_POA_02_ASEReadCounter.table","NW_015090842.1:7633787",4,7,3
"CRISPLD2","s329_S_POA_02_ASEReadCounter.table","NW_015090842.1:7634023",2,5,3
"CRISPLD2","s329_S_POA_02_ASEReadCounter.table","NW_015090842.1:7634620",13,13,0
"CRISPLD2","s329_S_POA_02_ASEReadCounter.table","NW_015090842.1:7636315",2,3,1
"MTHFSD","s329_S_POA_02_ASEReadCounter.table","NW_015090842.1:8152578",16,30,14
"DUSP15","s329_S_POA_02_ASEReadCounter.table","NW_015090842.1:8422840",5,5,0
"DUSP15","s329_S_POA_02_ASEReadCounter.table","NW_015090842.1:8431988",0,1,1
"EMC8","s329_S_POA_02_ASEReadCounter.table","NW_015090842.1:8452385",31,48,17
"GINS2","s329_S_POA_02_ASEReadCounter.table","NW_015090842.1:8467469",12,26,14
"GINS2","s329_S_POA_02_ASEReadCounter.table","NW_015090842.1:8470290",0,47,47
"GINS2","s329_S_POA_02_ASEReadCounter.table","NW_015090842.1:8470305",0,50,50
"GINS2","s329_S_POA_02_ASEReadCounter.table","NW_015090842.1:8470376",0,59,59
"GINS2","s329_S_POA_02_ASEReadCounter.table","NW_015090842.1:8471057",0,3,3
"GSE1","s329_S_POA_02_ASEReadCounter.table","NW_015090842.1:8483570",0,12,12
"KIAA0513","s329_S_POA_02_ASEReadCounter.table","NW_015090842.1:8674736",82,151,69
"KIAA0513","s329_S_POA_02_ASEReadCounter.table","NW_015090842.1:8687268",0,2,2
"KIAA0513","s329_S_POA_02_ASEReadCounter.table","NW_015090842.1:8693655",12,14,2
"ZCCHC14","s329_S_POA_02_ASEReadCounter.table","NW_015090842.1:8750189",47,67,20
"JPH3","s329_S_POA_02_ASEReadCounter.table","NW_015090842.1:8872294",60,130,70
"KLHDC4","s329_S_POA_02_ASEReadCounter.table","NW_015090842.1:8891175",80,181,101
"KLHDC4","s329_S_POA_02_ASEReadCounter.table","NW_015090842.1:8905251",0,59,59
"KLHDC4","s329_S_POA_02_ASEReadCounter.table","NW_015090842.1:8919630",7,12,5
"SLC7A5","s329_S_POA_02_ASEReadCounter.table","NW_015090842.1:8940382",129,237,108
"SLC7A5","s329_S_POA_02_ASEReadCounter.table","NW_015090842.1:8941818",102,212,110
"SLC7A5","s329_S_POA_02_ASEReadCounter.table","NW_015090842.1:8944655",58,114,56
"CA5A","s329_S_POA_02_ASEReadCounter.table","NW_015090842.1:8989479",75,123,48
"CA5A","s329_S_POA_02_ASEReadCounter.table","NW_015090842.1:8989562",86,143,57
"CA5A","s329_S_POA_02_ASEReadCounter.table","NW_015090842.1:8989609",101,173,72
"CA5A","s329_S_POA_02_ASEReadCounter.table","NW_015090842.1:8989693",107,207,100
"CA5A","s329_S_POA_02_ASEReadCounter.table","NW_015090842.1:8989702",108,204,96
"CA5A","s329_S_POA_02_ASEReadCounter.table","NW_015090842.1:8989746",107,223,116
"CA5A","s329_S_POA_02_ASEReadCounter.table","NW_015090842.1:8989880",105,202,97
"CA5A","s329_S_POA_02_ASEReadCounter.table","NW_015090842.1:8989885",103,196,93
"CA5A","s329_S_POA_02_ASEReadCounter.table","NW_015090842.1:8989929",86,171,85
"CA5A","s329_S_POA_02_ASEReadCounter.table","NW_015090842.1:8990002",102,190,88
"CA5A","s329_S_POA_02_ASEReadCounter.table","NW_015090842.1:8990004",100,195,95
"CA5A","s329_S_POA_02_ASEReadCounter.table","NW_015090842.1:8990005",100,193,93
"CA5A","s329_S_POA_02_ASEReadCounter.table","NW_015090842.1:8990017",90,172,82
"CA5A","s329_S_POA_02_ASEReadCounter.table","NW_015090842.1:8990043",88,162,74
"CA5A","s329_S_POA_02_ASEReadCounter.table","NW_015090842.1:8990080",71,145,74
"CA5A","s329_S_POA_02_ASEReadCounter.table","NW_015090842.1:8990084",68,140,72
"CA5A","s329_S_POA_02_ASEReadCounter.table","NW_015090842.1:8990090",76,142,66
"CA5A","s329_S_POA_02_ASEReadCounter.table","NW_015090842.1:8990095",73,140,67
"CA5A","s329_S_POA_02_ASEReadCounter.table","NW_015090842.1:8990111",61,129,68
"CA5A","s329_S_POA_02_ASEReadCounter.table","NW_015090842.1:8990112",60,125,65
"CA5A","s329_S_POA_02_ASEReadCounter.table","NW_015090842.1:8990115",67,132,65
"CA5A","s329_S_POA_02_ASEReadCounter.table","NW_015090842.1:8990166",61,114,53
"CA5A","s329_S_POA_02_ASEReadCounter.table","NW_015090842.1:8990169",66,118,52
"CA5A","s329_S_POA_02_ASEReadCounter.table","NW_015090842.1:8990222",61,115,54
"CA5A","s329_S_POA_02_ASEReadCounter.table","NW_015090842.1:8990289",58,121,63
"CA5A","s329_S_POA_02_ASEReadCounter.table","NW_015090842.1:8990314",57,115,58
"CA5A","s329_S_POA_02_ASEReadCounter.table","NW_015090842.1:8990361",50,100,50
"CA5A","s329_S_POA_02_ASEReadCounter.table","NW_015090842.1:8990368",54,107,53
"CA5A","s329_S_POA_02_ASEReadCounter.table","NW_015090842.1:8990429",46,92,46
"CA5A","s329_S_POA_02_ASEReadCounter.table","NW_015090842.1:8990466",39,75,36
"CA5A","s329_S_POA_02_ASEReadCounter.table","NW_015090842.1:8990663",66,106,40
"CA5A","s329_S_POA_02_ASEReadCounter.table","NW_015090842.1:8990797",43,77,34
"CA5A","s329_S_POA_02_ASEReadCounter.table","NW_015090842.1:8990836",48,85,37
"CA5A","s329_S_POA_02_ASEReadCounter.table","NW_015090842.1:8990842",51,85,34
"CA5A","s329_S_POA_02_ASEReadCounter.table","NW_015090842.1:8990851",53,86,33
"CA5A","s329_S_POA_02_ASEReadCounter.table","NW_015090842.1:8990918",46,77,31
"CA5A","s329_S_POA_02_ASEReadCounter.table","NW_015090842.1:8990921",45,79,34
"CA5A","s329_S_POA_02_ASEReadCounter.table","NW_015090842.1:8990942",51,86,35
"CA5A","s329_S_POA_02_ASEReadCounter.table","NW_015090842.1:8991001",60,119,59
"CA5A","s329_S_POA_02_ASEReadCounter.table","NW_015090842.1:8991038",54,101,47
"CA5A","s329_S_POA_02_ASEReadCounter.table","NW_015090842.1:8991149",56,90,34
"CA5A","s329_S_POA_02_ASEReadCounter.table","NW_015090842.1:8991176",53,93,40
"CA5A","s329_S_POA_02_ASEReadCounter.table","NW_015090842.1:8991241",56,109,53
"CA5A","s329_S_POA_02_ASEReadCounter.table","NW_015090842.1:8991262",46,92,46
"CA5A","s329_S_POA_02_ASEReadCounter.table","NW_015090842.1:8991316",44,48,4
"CA5A","s329_S_POA_02_ASEReadCounter.table","NW_015090842.1:8991319",40,42,2
"CA5A","s329_S_POA_02_ASEReadCounter.table","NW_015090842.1:8991330",38,39,1
"CA5A","s329_S_POA_02_ASEReadCounter.table","NW_015090842.1:8991334",40,41,1
"CA5A","s329_S_POA_02_ASEReadCounter.table","NW_015090842.1:8991362",43,68,25
"CA5A","s329_S_POA_02_ASEReadCounter.table","NW_015090842.1:8991368",45,69,24
"CA5A","s329_S_POA_02_ASEReadCounter.table","NW_015090842.1:8991390",52,83,31
"CA5A","s329_S_POA_02_ASEReadCounter.table","NW_015090842.1:8991395",52,82,30
"CA5A","s329_S_POA_02_ASEReadCounter.table","NW_015090842.1:8991422",49,86,37
"CA5A","s329_S_POA_02_ASEReadCounter.table","NW_015090842.1:8991467",38,75,37
"CA5A","s329_S_POA_02_ASEReadCounter.table","NW_015090842.1:8991576",29,54,25
"CA5A","s329_S_POA_02_ASEReadCounter.table","NW_015090842.1:8991587",29,59,30
"CA5A","s329_S_POA_02_ASEReadCounter.table","NW_015090842.1:8991655",44,81,37
"CA5A","s329_S_POA_02_ASEReadCounter.table","NW_015090842.1:8991717",29,64,35
"CA5A","s329_S_POA_02_ASEReadCounter.table","NW_015090842.1:8991726",28,61,33
"CA5A","s329_S_POA_02_ASEReadCounter.table","NW_015090842.1:8991799",28,58,30
"CA5A","s329_S_POA_02_ASEReadCounter.table","NW_015090842.1:8991809",26,53,27
"CA5A","s329_S_POA_02_ASEReadCounter.table","NW_015090842.1:8991848",32,67,35
"CA5A","s329_S_POA_02_ASEReadCounter.table","NW_015090842.1:8991849",32,67,35
"CA5A","s329_S_POA_02_ASEReadCounter.table","NW_015090842.1:8991927",41,73,32
"CA5A","s329_S_POA_02_ASEReadCounter.table","NW_015090842.1:8991941",38,65,27
"CA5A","s329_S_POA_02_ASEReadCounter.table","NW_015090842.1:8992121",23,46,23
"CA5A","s329_S_POA_02_ASEReadCounter.table","NW_015090842.1:8992224",35,61,26
"CA5A","s329_S_POA_02_ASEReadCounter.table","NW_015090842.1:9002570",8,27,19
"CA5A","s329_S_POA_02_ASEReadCounter.table","NW_015090842.1:9002600",8,22,14
"CA5A","s329_S_POA_02_ASEReadCounter.table","NW_015090842.1:9004312",7,21,14
"CA5A","s329_S_POA_02_ASEReadCounter.table","NW_015090842.1:9004523",1,1,0
"CA5A","s329_S_POA_02_ASEReadCounter.table","NW_015090842.1:9004530",1,1,0
"CA5A","s329_S_POA_02_ASEReadCounter.table","NW_015090842.1:9004556",2,2,0
"CA5A","s329_S_POA_02_ASEReadCounter.table","NW_015090842.1:9004620",4,4,0
"CA5A","s329_S_POA_02_ASEReadCounter.table","NW_015090842.1:9005116",4,6,2
"CA5A","s329_S_POA_02_ASEReadCounter.table","NW_015090842.1:9005120",3,5,2
"CA5A","s329_S_POA_02_ASEReadCounter.table","NW_015090842.1:9005140",4,6,2
"CA5A","s329_S_POA_02_ASEReadCounter.table","NW_015090842.1:9005152",4,6,2
"BANP","s329_S_POA_02_ASEReadCounter.table","NW_015090842.1:9033407",5,12,7
"BANP","s329_S_POA_02_ASEReadCounter.table","NW_015090842.1:9033409",5,12,7
"BANP","s329_S_POA_02_ASEReadCounter.table","NW_015090842.1:9033420",3,10,7
"BANP","s329_S_POA_02_ASEReadCounter.table","NW_015090842.1:9055284",0,22,22
"ZC3H18","s329_S_POA_02_ASEReadCounter.table","NW_015090842.1:9528933",44,78,34
"MVD","s329_S_POA_02_ASEReadCounter.table","NW_015090842.1:9550690",20,37,17
"MVD","s329_S_POA_02_ASEReadCounter.table","NW_015090842.1:9550691",20,38,18
"MVD","s329_S_POA_02_ASEReadCounter.table","NW_015090842.1:9550699",24,45,21
"MVD","s329_S_POA_02_ASEReadCounter.table","NW_015090842.1:9550701",25,45,20
"MVD","s329_S_POA_02_ASEReadCounter.table","NW_015090842.1:9552202",39,76,37
"MVD","s329_S_POA_02_ASEReadCounter.table","NW_015090842.1:9552223",36,68,32
"MVD","s329_S_POA_02_ASEReadCounter.table","NW_015090842.1:9552533",39,50,11
"MVD","s329_S_POA_02_ASEReadCounter.table","NW_015090842.1:9552644",0,49,49
"PIEZO1","s329_S_POA_02_ASEReadCounter.table","NW_015090842.1:9577447",3,10,7
"PIEZO1","s329_S_POA_02_ASEReadCounter.table","NW_015090842.1:9579101",0,10,10
"PIEZO1","s329_S_POA_02_ASEReadCounter.table","NW_015090842.1:9582630",3,7,4
"PIEZO1","s329_S_POA_02_ASEReadCounter.table","NW_015090842.1:9582976",0,5,5
"PIEZO1","s329_S_POA_02_ASEReadCounter.table","NW_015090842.1:9583326",3,5,2
"CDT1","s329_S_POA_02_ASEReadCounter.table","NW_015090842.1:9596711",2,6,4
"CDT1","s329_S_POA_02_ASEReadCounter.table","NW_015090842.1:9597033",7,13,6
"CDT1","s329_S_POA_02_ASEReadCounter.table","NW_015090842.1:9597756",2,7,5
"CDT1","s329_S_POA_02_ASEReadCounter.table","NW_015090842.1:9598873",3,10,7
"PABPN1L","s329_S_POA_02_ASEReadCounter.table","NW_015090842.1:9669510",0,1,1
"ACSF3","s329_S_POA_02_ASEReadCounter.table","NW_015090842.1:9776737",15,17,2
"ACSF3","s329_S_POA_02_ASEReadCounter.table","NW_015090842.1:9809639",28,60,32
"ACSF3","s329_S_POA_02_ASEReadCounter.table","NW_015090842.1:9834743",39,82,43
"ACSF3","s329_S_POA_02_ASEReadCounter.table","NW_015090842.1:9834762",35,72,37
"ACSF3","s329_S_POA_02_ASEReadCounter.table","NW_015090842.1:9834852",39,75,36
"ACSF3","s329_S_POA_02_ASEReadCounter.table","NW_015090842.1:9834861",35,68,33
"ACSF3","s329_S_POA_02_ASEReadCounter.table","NW_015090842.1:9839359",27,51,24
"ACSF3","s329_S_POA_02_ASEReadCounter.table","NW_015090842.1:9839378",31,56,25
"ACSF3","s329_S_POA_02_ASEReadCounter.table","NW_015090842.1:9839455",38,66,28
"ACSF3","s329_S_POA_02_ASEReadCounter.table","NW_015090842.1:9839457",38,66,28
"ACSF3","s329_S_POA_02_ASEReadCounter.table","NW_015090842.1:9839489",29,52,23
"ACSF3","s329_S_POA_02_ASEReadCounter.table","NW_015090842.1:9839500",24,45,21
"ACSF3","s329_S_POA_02_ASEReadCounter.table","NW_015090842.1:9839501",24,44,20
"ACSF3","s329_S_POA_02_ASEReadCounter.table","NW_015090842.1:9839504",27,47,20
"ACSF3","s329_S_POA_02_ASEReadCounter.table","NW_015090842.1:9839512",26,42,16
"ACSF3","s329_S_POA_02_ASEReadCounter.table","NW_015090842.1:9839527",24,38,14
"ACSF3","s329_S_POA_02_ASEReadCounter.table","NW_015090842.1:9839533",14,27,13
"ACSF3","s329_S_POA_02_ASEReadCounter.table","NW_015090842.1:9839535",14,26,12
"ACSF3","s329_S_POA_02_ASEReadCounter.table","NW_015090842.1:9839545",11,18,7
"ACSF3","s329_S_POA_02_ASEReadCounter.table","NW_015090842.1:9839550",7,14,7
"ACSF3","s329_S_POA_02_ASEReadCounter.table","NW_015090842.1:9839551",8,15,7
"CDH15","s329_S_POA_02_ASEReadCounter.table","NW_015090842.1:9847163",1,1,0
"CDH15","s329_S_POA_02_ASEReadCounter.table","NW_015090842.1:9848531",1,1,0
"CDH15","s329_S_POA_02_ASEReadCounter.table","NW_015090842.1:9848552",1,1,0
"CDH15","s329_S_POA_02_ASEReadCounter.table","NW_015090842.1:9849086",1,1,0
"CDH15","s329_S_POA_02_ASEReadCounter.table","NW_015090842.1:9849473",2,2,0
"CDH15","s329_S_POA_02_ASEReadCounter.table","NW_015090842.1:9850386",1,1,0
"CDH15","s329_S_POA_02_ASEReadCounter.table","NW_015090842.1:9850432",1,1,0
"CDH15","s329_S_POA_02_ASEReadCounter.table","NW_015090842.1:9850609",1,1,0
"SLC22A31","s329_S_POA_02_ASEReadCounter.table","NW_015090842.1:9851130",5,9,4
"SLC22A31","s329_S_POA_02_ASEReadCounter.table","NW_015090842.1:9851139",5,9,4
"SLC22A31","s329_S_POA_02_ASEReadCounter.table","NW_015090842.1:9851265",7,13,6
"SLC22A31","s329_S_POA_02_ASEReadCounter.table","NW_015090842.1:9851302",10,12,2
"SLC22A31","s329_S_POA_02_ASEReadCounter.table","NW_015090842.1:9851303",9,11,2
"SLC22A31","s329_S_POA_02_ASEReadCounter.table","NW_015090842.1:9851305",10,13,3
"SLC22A31","s329_S_POA_02_ASEReadCounter.table","NW_015090842.1:9851343",6,7,1
"SLC22A31","s329_S_POA_02_ASEReadCounter.table","NW_015090842.1:9851344",8,9,1
"SLC22A31","s329_S_POA_02_ASEReadCounter.table","NW_015090842.1:9851381",11,16,5
"SLC22A31","s329_S_POA_02_ASEReadCounter.table","NW_015090842.1:9851421",12,19,7
"SLC22A31","s329_S_POA_02_ASEReadCounter.table","NW_015090842.1:9851526",9,19,10
"SLC22A31","s329_S_POA_02_ASEReadCounter.table","NW_015090842.1:9851589",11,30,19
"SLC22A31","s329_S_POA_02_ASEReadCounter.table","NW_015090842.1:9851712",17,24,7
"SLC22A31","s329_S_POA_02_ASEReadCounter.table","NW_015090842.1:9851899",11,26,15
"SLC22A31","s329_S_POA_02_ASEReadCounter.table","NW_015090842.1:9852139",15,27,12
"SLC22A31","s329_S_POA_02_ASEReadCounter.table","NW_015090842.1:9852380",14,29,15
"SLC22A31","s329_S_POA_02_ASEReadCounter.table","NW_015090842.1:9852431",13,21,8
"SLC22A31","s329_S_POA_02_ASEReadCounter.table","NW_015090842.1:9852630",9,14,5
"SLC22A31","s329_S_POA_02_ASEReadCounter.table","NW_015090842.1:9852711",7,15,8
"SLC22A31","s329_S_POA_02_ASEReadCounter.table","NW_015090842.1:9852742",8,18,10
"SLC22A31","s329_S_POA_02_ASEReadCounter.table","NW_015090842.1:9853099",8,13,5
"SLC22A31","s329_S_POA_02_ASEReadCounter.table","NW_015090842.1:9853102",7,12,5
"SLC22A31","s329_S_POA_02_ASEReadCounter.table","NW_015090842.1:9853421",4,4,0
"SLC22A31","s329_S_POA_02_ASEReadCounter.table","NW_015090842.1:9853457",4,5,1
"SLC22A31","s329_S_POA_02_ASEReadCounter.table","NW_015090842.1:9853502",2,3,1
"ANKRD11","s329_S_POA_02_ASEReadCounter.table","NW_015090842.1:9858863",15,30,15
"ANKRD11","s329_S_POA_02_ASEReadCounter.table","NW_015090842.1:9859101",136,273,137
"ANKRD11","s329_S_POA_02_ASEReadCounter.table","NW_015090842.1:9859352",146,302,156
"ANKRD11","s329_S_POA_02_ASEReadCounter.table","NW_015090842.1:9859381",82,206,124
"ANKRD11","s329_S_POA_02_ASEReadCounter.table","NW_015090842.1:9859527",63,137,74
"ANKRD11","s329_S_POA_02_ASEReadCounter.table","NW_015090842.1:9859529",65,142,77
"ANKRD11","s329_S_POA_02_ASEReadCounter.table","NW_015090842.1:9859679",179,337,158
"ANKRD11","s329_S_POA_02_ASEReadCounter.table","NW_015090842.1:9861097",143,276,133
"ANKRD11","s329_S_POA_02_ASEReadCounter.table","NW_015090842.1:9862571",98,176,78
"ANKRD11","s329_S_POA_02_ASEReadCounter.table","NW_015090842.1:9866071",0,105,105
"ANKRD11","s329_S_POA_02_ASEReadCounter.table","NW_015090842.1:9866200",0,73,73
"ANKRD11","s329_S_POA_02_ASEReadCounter.table","NW_015090842.1:9867391",36,76,40
"ANKRD11","s329_S_POA_02_ASEReadCounter.table","NW_015090842.1:9867472",61,119,58
"ANKRD11","s329_S_POA_02_ASEReadCounter.table","NW_015090842.1:9867559",39,116,77
"ANKRD11","s329_S_POA_02_ASEReadCounter.table","NW_015090842.1:9867934",51,106,55
"ANKRD11","s329_S_POA_02_ASEReadCounter.table","NW_015090842.1:9868093",57,120,63
"ANKRD11","s329_S_POA_02_ASEReadCounter.table","NW_015090842.1:9868222",62,120,58
"ANKRD11","s329_S_POA_02_ASEReadCounter.table","NW_015090842.1:9868327",64,125,61
"ANKRD11","s329_S_POA_02_ASEReadCounter.table","NW_015090842.1:9868414",66,146,80
"ANKRD11","s329_S_POA_02_ASEReadCounter.table","NW_015090842.1:9868441",70,139,69
"ANKRD11","s329_S_POA_02_ASEReadCounter.table","NW_015090842.1:9868444",71,151,80
"ANKRD11","s329_S_POA_02_ASEReadCounter.table","NW_015090842.1:9868519",92,174,82
"ANKRD11","s329_S_POA_02_ASEReadCounter.table","NW_015090842.1:9868609",85,199,114
"ANKRD11","s329_S_POA_02_ASEReadCounter.table","NW_015090842.1:9868666",106,223,117
"ANKRD11","s329_S_POA_02_ASEReadCounter.table","NW_015090842.1:9869431",117,235,118
"ANKRD11","s329_S_POA_02_ASEReadCounter.table","NW_015090842.1:9869578",184,342,158
"ANKRD11","s329_S_POA_02_ASEReadCounter.table","NW_015090842.1:9869734",174,360,186
"ANKRD11","s329_S_POA_02_ASEReadCounter.table","NW_015090842.1:9870070",174,359,185
"ANKRD11","s329_S_POA_02_ASEReadCounter.table","NW_015090842.1:9870349",162,372,210
"ANKRD11","s329_S_POA_02_ASEReadCounter.table","NW_015090842.1:9870604",197,385,188
"ANKRD11","s329_S_POA_02_ASEReadCounter.table","NW_015090842.1:9870613",220,404,184
"ANKRD11","s329_S_POA_02_ASEReadCounter.table","NW_015090842.1:9870685",241,460,219
"ANKRD11","s329_S_POA_02_ASEReadCounter.table","NW_015090842.1:9870847",170,349,179
"ANKRD11","s329_S_POA_02_ASEReadCounter.table","NW_015090842.1:9871103",131,260,129
"ANKRD11","s329_S_POA_02_ASEReadCounter.table","NW_015090842.1:9871165",147,289,142
"ANKRD11","s329_S_POA_02_ASEReadCounter.table","NW_015090842.1:9871820",55,117,62
"ANKRD11","s329_S_POA_02_ASEReadCounter.table","NW_015090842.1:9871994",56,101,45
"ANKRD11","s329_S_POA_02_ASEReadCounter.table","NW_015090842.1:9872118",70,144,74
"SPG7","s329_S_POA_02_ASEReadCounter.table","NW_015090842.1:10051190",108,197,89
"SPG7","s329_S_POA_02_ASEReadCounter.table","NW_015090842.1:10051218",121,226,105
"SPG7","s329_S_POA_02_ASEReadCounter.table","NW_015090842.1:10052348",144,265,121
"SPG7","s329_S_POA_02_ASEReadCounter.table","NW_015090842.1:10052366",136,262,126
"SPG7","s329_S_POA_02_ASEReadCounter.table","NW_015090842.1:10065173",163,351,188
"SPG7","s329_S_POA_02_ASEReadCounter.table","NW_015090842.1:10065215",164,342,178
"SPG7","s329_S_POA_02_ASEReadCounter.table","NW_015090842.1:10066301",148,280,132
"SPG7","s329_S_POA_02_ASEReadCounter.table","NW_015090842.1:10066365",155,300,145
"SPG7","s329_S_POA_02_ASEReadCounter.table","NW_015090842.1:10069752",192,361,169
"SPG7","s329_S_POA_02_ASEReadCounter.table","NW_015090842.1:10069800",190,371,181
"SPG7","s329_S_POA_02_ASEReadCounter.table","NW_015090842.1:10071192",195,395,200
"SPG7","s329_S_POA_02_ASEReadCounter.table","NW_015090842.1:10071204",196,385,189
"SPG7","s329_S_POA_02_ASEReadCounter.table","NW_015090842.1:10071219",194,377,183
"SPG7","s329_S_POA_02_ASEReadCounter.table","NW_015090842.1:10071967",194,383,189
"SPG7","s329_S_POA_02_ASEReadCounter.table","NW_015090842.1:10075109",288,546,258
"SPG7","s329_S_POA_02_ASEReadCounter.table","NW_015090842.1:10075114",295,545,250
"SPG7","s329_S_POA_02_ASEReadCounter.table","NW_015090842.1:10075198",221,423,202
"SPG7","s329_S_POA_02_ASEReadCounter.table","NW_015090842.1:10075487",184,357,173
"SPG7","s329_S_POA_02_ASEReadCounter.table","NW_015090842.1:10075488",184,357,173
"SPG7","s329_S_POA_02_ASEReadCounter.table","NW_015090842.1:10075548",148,279,131
"RPL13","s329_S_POA_02_ASEReadCounter.table","NW_015090842.1:10076979",4,6,2
"RPL13","s329_S_POA_02_ASEReadCounter.table","NW_015090842.1:10077387",436,975,539
"RPL13","s329_S_POA_02_ASEReadCounter.table","NW_015090842.1:10077978",674,1396,722
"RPL13","s329_S_POA_02_ASEReadCounter.table","NW_015090842.1:10077992",681,1370,689
"CPNE7","s329_S_POA_02_ASEReadCounter.table","NW_015090842.1:10084001",24,44,20
"CPNE7","s329_S_POA_02_ASEReadCounter.table","NW_015090842.1:10084856",19,33,14
"CPNE7","s329_S_POA_02_ASEReadCounter.table","NW_015090842.1:10084872",24,37,13
"CPNE7","s329_S_POA_02_ASEReadCounter.table","NW_015090842.1:10084892",27,41,14
"CPNE7","s329_S_POA_02_ASEReadCounter.table","NW_015090842.1:10084921",28,47,19
"CPNE7","s329_S_POA_02_ASEReadCounter.table","NW_015090842.1:10084935",28,47,19
"CPNE7","s329_S_POA_02_ASEReadCounter.table","NW_015090842.1:10085000",23,36,13
"CPNE7","s329_S_POA_02_ASEReadCounter.table","NW_015090842.1:10085089",22,39,17
"CPNE7","s329_S_POA_02_ASEReadCounter.table","NW_015090842.1:10085096",22,38,16
"CPNE7","s329_S_POA_02_ASEReadCounter.table","NW_015090842.1:10085126",21,35,14
"CPNE7","s329_S_POA_02_ASEReadCounter.table","NW_015090842.1:10085180",23,39,16
"CPNE7","s329_S_POA_02_ASEReadCounter.table","NW_015090842.1:10085201",22,35,13
"CPNE7","s329_S_POA_02_ASEReadCounter.table","NW_015090842.1:10088134",65,97,32
"CPNE7","s329_S_POA_02_ASEReadCounter.table","NW_015090842.1:10088146",59,87,28
"CPNE7","s329_S_POA_02_ASEReadCounter.table","NW_015090842.1:10088940",72,115,43
"CPNE7","s329_S_POA_02_ASEReadCounter.table","NW_015090842.1:10088965",69,108,39
"CPNE7","s329_S_POA_02_ASEReadCounter.table","NW_015090842.1:10088967",69,108,39
"CPNE7","s329_S_POA_02_ASEReadCounter.table","NW_015090842.1:10088973",68,110,42
"CPNE7","s329_S_POA_02_ASEReadCounter.table","NW_015090842.1:10090924",91,142,51
"CPNE7","s329_S_POA_02_ASEReadCounter.table","NW_015090842.1:10090930",91,145,54
"CPNE7","s329_S_POA_02_ASEReadCounter.table","NW_015090842.1:10091075",98,139,41
"CPNE7","s329_S_POA_02_ASEReadCounter.table","NW_015090842.1:10091389",71,137,66
"CPNE7","s329_S_POA_02_ASEReadCounter.table","NW_015090842.1:10091407",81,143,62
"CPNE7","s329_S_POA_02_ASEReadCounter.table","NW_015090842.1:10091530",84,152,68
"CPNE7","s329_S_POA_02_ASEReadCounter.table","NW_015090842.1:10091875",92,141,49
"CPNE7","s329_S_POA_02_ASEReadCounter.table","NW_015090842.1:10091983",95,141,46
"CPNE7","s329_S_POA_02_ASEReadCounter.table","NW_015090842.1:10091997",93,146,53
"CPNE7","s329_S_POA_02_ASEReadCounter.table","NW_015090842.1:10092038",57,84,27
"CPNE7","s329_S_POA_02_ASEReadCounter.table","NW_015090842.1:10092140",66,102,36
"CPNE7","s329_S_POA_02_ASEReadCounter.table","NW_015090842.1:10092183",48,75,27
"CPNE7","s329_S_POA_02_ASEReadCounter.table","NW_015090842.1:10092201",42,64,22
"CPNE7","s329_S_POA_02_ASEReadCounter.table","NW_015090842.1:10092230",34,50,16
"CPNE7","s329_S_POA_02_ASEReadCounter.table","NW_015090842.1:10092246",26,37,11
"LOC106888185","s329_S_POA_02_ASEReadCounter.table","NW_015090842.1:10094965",0,4,4
"LOC106888185","s329_S_POA_02_ASEReadCounter.table","NW_015090842.1:10094966",0,4,4
"LOC106888185","s329_S_POA_02_ASEReadCounter.table","NW_015090842.1:10094985",0,4,4
"LOC106888185","s329_S_POA_02_ASEReadCounter.table","NW_015090842.1:10095055",0,4,4
"LOC106888185","s329_S_POA_02_ASEReadCounter.table","NW_015090842.1:10095062",0,4,4
"LOC106888185","s329_S_POA_02_ASEReadCounter.table","NW_015090842.1:10095130",0,4,4
"LOC106888185","s329_S_POA_02_ASEReadCounter.table","NW_015090842.1:10095265",6,13,7
"LOC106888185","s329_S_POA_02_ASEReadCounter.table","NW_015090842.1:10095586",4,14,10
"LOC106888185","s329_S_POA_02_ASEReadCounter.table","NW_015090842.1:10095593",4,15,11
"LOC106888185","s329_S_POA_02_ASEReadCounter.table","NW_015090842.1:10095616",4,11,7
"LOC106888185","s329_S_POA_02_ASEReadCounter.table","NW_015090842.1:10095662",5,14,9
"LOC106888185","s329_S_POA_02_ASEReadCounter.table","NW_015090842.1:10095674",4,13,9
"LOC106888185","s329_S_POA_02_ASEReadCounter.table","NW_015090842.1:10095786",3,11,8
"LOC106888185","s329_S_POA_02_ASEReadCounter.table","NW_015090842.1:10095831",4,12,8
"LOC106888185","s329_S_POA_02_ASEReadCounter.table","NW_015090842.1:10096230",4,12,8
"LOC106888185","s329_S_POA_02_ASEReadCounter.table","NW_015090842.1:10096249",4,13,9
"LOC106888185","s329_S_POA_02_ASEReadCounter.table","NW_015090842.1:10096272",4,13,9
"LOC106888185","s329_S_POA_02_ASEReadCounter.table","NW_015090842.1:10096288",3,10,7
"LOC106888185","s329_S_POA_02_ASEReadCounter.table","NW_015090842.1:10097248",3,8,5
"LOC106888185","s329_S_POA_02_ASEReadCounter.table","NW_015090842.1:10097265",5,13,8
"LOC106888185","s329_S_POA_02_ASEReadCounter.table","NW_015090842.1:10097446",1,2,1
"DPEP1","s329_S_POA_02_ASEReadCounter.table","NW_015090842.1:10098017",0,1,1
"DPEP1","s329_S_POA_02_ASEReadCounter.table","NW_015090842.1:10098518",0,1,1
"DPEP1","s329_S_POA_02_ASEReadCounter.table","NW_015090842.1:10098659",0,1,1
"DPEP1","s329_S_POA_02_ASEReadCounter.table","NW_015090842.1:10099765",1,2,1
"DPEP1","s329_S_POA_02_ASEReadCounter.table","NW_015090842.1:10100044",1,1,0
"DPEP1","s329_S_POA_02_ASEReadCounter.table","NW_015090842.1:10100045",1,1,0
"DPEP1","s329_S_POA_02_ASEReadCounter.table","NW_015090842.1:10100084",1,2,1
"DPEP1","s329_S_POA_02_ASEReadCounter.table","NW_015090842.1:10100295",1,1,0
"DPEP1","s329_S_POA_02_ASEReadCounter.table","NW_015090842.1:10100893",0,1,1
"DPEP1","s329_S_POA_02_ASEReadCounter.table","NW_015090842.1:10100902",0,1,1
"DPEP1","s329_S_POA_02_ASEReadCounter.table","NW_015090842.1:10101072",0,2,2
"DPEP1","s329_S_POA_02_ASEReadCounter.table","NW_015090842.1:10101199",0,5,5
"DPEP1","s329_S_POA_02_ASEReadCounter.table","NW_015090842.1:10101483",0,3,3
"DPEP1","s329_S_POA_02_ASEReadCounter.table","NW_015090842.1:10101497",0,1,1
"DPEP1","s329_S_POA_02_ASEReadCounter.table","NW_015090842.1:10101525",0,2,2
"DPEP1","s329_S_POA_02_ASEReadCounter.table","NW_015090842.1:10101875",0,1,1
"DPEP1","s329_S_POA_02_ASEReadCounter.table","NW_015090842.1:10101913",0,1,1
"DPEP1","s329_S_POA_02_ASEReadCounter.table","NW_015090842.1:10101996",0,1,1
"CHMP1A","s329_S_POA_02_ASEReadCounter.table","NW_015090842.1:10102901",71,164,93
"CHMP1A","s329_S_POA_02_ASEReadCounter.table","NW_015090842.1:10102961",60,170,110
"CHMP1A","s329_S_POA_02_ASEReadCounter.table","NW_015090842.1:10102996",62,180,118
"CHMP1A","s329_S_POA_02_ASEReadCounter.table","NW_015090842.1:10103004",69,189,120
"CHMP1A","s329_S_POA_02_ASEReadCounter.table","NW_015090842.1:10103006",69,191,122
"CHMP1A","s329_S_POA_02_ASEReadCounter.table","NW_015090842.1:10103052",113,249,136
"CHMP1A","s329_S_POA_02_ASEReadCounter.table","NW_015090842.1:10103095",122,248,126
"CHMP1A","s329_S_POA_02_ASEReadCounter.table","NW_015090842.1:10103096",127,253,126
"CHMP1A","s329_S_POA_02_ASEReadCounter.table","NW_015090842.1:10103152",93,172,79
"CHMP1A","s329_S_POA_02_ASEReadCounter.table","NW_015090842.1:10103334",64,139,75
"CHMP1A","s329_S_POA_02_ASEReadCounter.table","NW_015090842.1:10103373",32,101,69
"CHMP1A","s329_S_POA_02_ASEReadCounter.table","NW_015090842.1:10103408",55,139,84
"CHMP1A","s329_S_POA_02_ASEReadCounter.table","NW_015090842.1:10103412",64,150,86
"CHMP1A","s329_S_POA_02_ASEReadCounter.table","NW_015090842.1:10103512",98,200,102
"CHMP1A","s329_S_POA_02_ASEReadCounter.table","NW_015090842.1:10103513",104,205,101
"CHMP1A","s329_S_POA_02_ASEReadCounter.table","NW_015090842.1:10103583",80,137,57
"CHMP1A","s329_S_POA_02_ASEReadCounter.table","NW_015090842.1:10103614",74,139,65
"CHMP1A","s329_S_POA_02_ASEReadCounter.table","NW_015090842.1:10103657",87,156,69
"CHMP1A","s329_S_POA_02_ASEReadCounter.table","NW_015090842.1:10103669",71,140,69
"CHMP1A","s329_S_POA_02_ASEReadCounter.table","NW_015090842.1:10103674",74,138,64
"CHMP1A","s329_S_POA_02_ASEReadCounter.table","NW_015090842.1:10103677",69,132,63
"CHMP1A","s329_S_POA_02_ASEReadCounter.table","NW_015090842.1:10103729",76,152,76
"CHMP1A","s329_S_POA_02_ASEReadCounter.table","NW_015090842.1:10103758",74,140,66
"CHMP1A","s329_S_POA_02_ASEReadCounter.table","NW_015090842.1:10103761",74,148,74
"CHMP1A","s329_S_POA_02_ASEReadCounter.table","NW_015090842.1:10103788",89,187,98
"CHMP1A","s329_S_POA_02_ASEReadCounter.table","NW_015090842.1:10103789",90,187,97
"CHMP1A","s329_S_POA_02_ASEReadCounter.table","NW_015090842.1:10103790",86,184,98
"CHMP1A","s329_S_POA_02_ASEReadCounter.table","NW_015090842.1:10103950",108,179,71
"CHMP1A","s329_S_POA_02_ASEReadCounter.table","NW_015090842.1:10104335",57,119,62
"CHMP1A","s329_S_POA_02_ASEReadCounter.table","NW_015090842.1:10104429",72,143,71
"CHMP1A","s329_S_POA_02_ASEReadCounter.table","NW_015090842.1:10104532",89,178,89
"CHMP1A","s329_S_POA_02_ASEReadCounter.table","NW_015090842.1:10104633",62,143,81
"CHMP1A","s329_S_POA_02_ASEReadCounter.table","NW_015090842.1:10104759",57,109,52
"CHMP1A","s329_S_POA_02_ASEReadCounter.table","NW_015090842.1:10104794",65,126,61
"CHMP1A","s329_S_POA_02_ASEReadCounter.table","NW_015090842.1:10104844",42,97,55
"CHMP1A","s329_S_POA_02_ASEReadCounter.table","NW_015090842.1:10106290",62,113,51
"CHMP1A","s329_S_POA_02_ASEReadCounter.table","NW_015090842.1:10106335",88,143,55
"CHMP1A","s329_S_POA_02_ASEReadCounter.table","NW_015090842.1:10106383",98,181,83
"CHMP1A","s329_S_POA_02_ASEReadCounter.table","NW_015090842.1:10106747",82,148,66
"CHMP1A","s329_S_POA_02_ASEReadCounter.table","NW_015090842.1:10107404",68,126,58
"CHMP1A","s329_S_POA_02_ASEReadCounter.table","NW_015090842.1:10107410",68,130,62
"CHMP1A","s329_S_POA_02_ASEReadCounter.table","NW_015090842.1:10107876",65,132,67
"CDK10","s329_S_POA_02_ASEReadCounter.table","NW_015090842.1:10109030",12,12,0
"CDK10","s329_S_POA_02_ASEReadCounter.table","NW_015090842.1:10109963",32,121,89
"CDK10","s329_S_POA_02_ASEReadCounter.table","NW_015090842.1:10110887",35,94,59
"CDK10","s329_S_POA_02_ASEReadCounter.table","NW_015090842.1:10111254",18,70,52
"CDK10","s329_S_POA_02_ASEReadCounter.table","NW_015090842.1:10111380",28,96,68
"CDK10","s329_S_POA_02_ASEReadCounter.table","NW_015090842.1:10111395",30,95,65
"CDK10","s329_S_POA_02_ASEReadCounter.table","NW_015090842.1:10111437",21,76,55
"CDK10","s329_S_POA_02_ASEReadCounter.table","NW_015090842.1:10111798",49,134,85
"CDK10","s329_S_POA_02_ASEReadCounter.table","NW_015090842.1:10111840",42,117,75
"CDK10","s329_S_POA_02_ASEReadCounter.table","NW_015090842.1:10112031",43,141,98
"CDK10","s329_S_POA_02_ASEReadCounter.table","NW_015090842.1:10112285",45,137,92
"CDK10","s329_S_POA_02_ASEReadCounter.table","NW_015090842.1:10112398",54,138,84
"CDK10","s329_S_POA_02_ASEReadCounter.table","NW_015090842.1:10112455",46,129,83
"CDK10","s329_S_POA_02_ASEReadCounter.table","NW_015090842.1:10112461",41,121,80
"CDK10","s329_S_POA_02_ASEReadCounter.table","NW_015090842.1:10112497",35,112,77
"CDK10","s329_S_POA_02_ASEReadCounter.table","NW_015090842.1:10112508",28,105,77
"CDK10","s329_S_POA_02_ASEReadCounter.table","NW_015090842.1:10112518",25,98,73
"CDK10","s329_S_POA_02_ASEReadCounter.table","NW_015090842.1:10112540",4,76,72
"CDK10","s329_S_POA_02_ASEReadCounter.table","NW_015090842.1:10112556",22,83,61
"CDK10","s329_S_POA_02_ASEReadCounter.table","NW_015090842.1:10112561",26,116,90
"CDK10","s329_S_POA_02_ASEReadCounter.table","NW_015090842.1:10112596",36,126,90
"CDK10","s329_S_POA_02_ASEReadCounter.table","NW_015090842.1:10112630",42,124,82
"CDK10","s329_S_POA_02_ASEReadCounter.table","NW_015090842.1:10112656",38,124,86
"CDK10","s329_S_POA_02_ASEReadCounter.table","NW_015090842.1:10112665",24,80,56
"CDK10","s329_S_POA_02_ASEReadCounter.table","NW_015090842.1:10112668",24,83,59
"CDK10","s329_S_POA_02_ASEReadCounter.table","NW_015090842.1:10112781",17,38,21
"CDK10","s329_S_POA_02_ASEReadCounter.table","NW_015090842.1:10112782",17,38,21
"CDK10","s329_S_POA_02_ASEReadCounter.table","NW_015090842.1:10112795",15,36,21
"CDK10","s329_S_POA_02_ASEReadCounter.table","NW_015090842.1:10112841",9,22,13
"CDK10","s329_S_POA_02_ASEReadCounter.table","NW_015090842.1:10112861",5,15,10
"SPATA2L","s329_S_POA_02_ASEReadCounter.table","NW_015090842.1:10113212",21,46,25
"SPATA2L","s329_S_POA_02_ASEReadCounter.table","NW_015090842.1:10113280",30,80,50
"SPATA2L","s329_S_POA_02_ASEReadCounter.table","NW_015090842.1:10113296",34,89,55
"SPATA2L","s329_S_POA_02_ASEReadCounter.table","NW_015090842.1:10113321",41,103,62
"SPATA2L","s329_S_POA_02_ASEReadCounter.table","NW_015090842.1:10113332",42,113,71
"SPATA2L","s329_S_POA_02_ASEReadCounter.table","NW_015090842.1:10113380",35,104,69
"SPATA2L","s329_S_POA_02_ASEReadCounter.table","NW_015090842.1:10113381",35,104,69
"SPATA2L","s329_S_POA_02_ASEReadCounter.table","NW_015090842.1:10113412",38,109,71
"SPATA2L","s329_S_POA_02_ASEReadCounter.table","NW_015090842.1:10113421",40,113,73
"SPATA2L","s329_S_POA_02_ASEReadCounter.table","NW_015090842.1:10113465",42,108,66
"SPATA2L","s329_S_POA_02_ASEReadCounter.table","NW_015090842.1:10113535",49,118,69
"SPATA2L","s329_S_POA_02_ASEReadCounter.table","NW_015090842.1:10113645",49,140,91
"SPATA2L","s329_S_POA_02_ASEReadCounter.table","NW_015090842.1:10113682",65,171,106
"SPATA2L","s329_S_POA_02_ASEReadCounter.table","NW_015090842.1:10113696",58,157,99
"SPATA2L","s329_S_POA_02_ASEReadCounter.table","NW_015090842.1:10113727",73,173,100
"SPATA2L","s329_S_POA_02_ASEReadCounter.table","NW_015090842.1:10113729",72,166,94
"SPATA2L","s329_S_POA_02_ASEReadCounter.table","NW_015090842.1:10113799",69,152,83
"SPATA2L","s329_S_POA_02_ASEReadCounter.table","NW_015090842.1:10113809",82,177,95
"SPATA2L","s329_S_POA_02_ASEReadCounter.table","NW_015090842.1:10113827",75,168,93
"SPATA2L","s329_S_POA_02_ASEReadCounter.table","NW_015090842.1:10113831",71,163,92
"SPATA2L","s329_S_POA_02_ASEReadCounter.table","NW_015090842.1:10113894",66,148,82
"SPATA2L","s329_S_POA_02_ASEReadCounter.table","NW_015090842.1:10113905",46,117,71
"SPATA2L","s329_S_POA_02_ASEReadCounter.table","NW_015090842.1:10113914",51,122,71
"SPATA2L","s329_S_POA_02_ASEReadCounter.table","NW_015090842.1:10113920",56,124,68
"SPATA2L","s329_S_POA_02_ASEReadCounter.table","NW_015090842.1:10113937",63,145,82
"SPATA2L","s329_S_POA_02_ASEReadCounter.table","NW_015090842.1:10113971",39,114,75
"SPATA2L","s329_S_POA_02_ASEReadCounter.table","NW_015090842.1:10113976",38,119,81
"SPATA2L","s329_S_POA_02_ASEReadCounter.table","NW_015090842.1:10113985",39,104,65
"SPATA2L","s329_S_POA_02_ASEReadCounter.table","NW_015090842.1:10113994",49,119,70
"SPATA2L","s329_S_POA_02_ASEReadCounter.table","NW_015090842.1:10114063",52,115,63
"SPATA2L","s329_S_POA_02_ASEReadCounter.table","NW_015090842.1:10114066",43,109,66
"SPATA2L","s329_S_POA_02_ASEReadCounter.table","NW_015090842.1:10114069",47,113,66
"SPATA2L","s329_S_POA_02_ASEReadCounter.table","NW_015090842.1:10114159",35,80,45
"SPATA2L","s329_S_POA_02_ASEReadCounter.table","NW_015090842.1:10114262",61,108,47
"SPATA2L","s329_S_POA_02_ASEReadCounter.table","NW_015090842.1:10114470",38,94,56
"SPATA2L","s329_S_POA_02_ASEReadCounter.table","NW_015090842.1:10114524",22,67,45
"VPS9D1","s329_S_POA_02_ASEReadCounter.table","NW_015090842.1:10116377",33,84,51
"VPS9D1","s329_S_POA_02_ASEReadCounter.table","NW_015090842.1:10116415",36,86,50
"VPS9D1","s329_S_POA_02_ASEReadCounter.table","NW_015090842.1:10116607",38,82,44
"VPS9D1","s329_S_POA_02_ASEReadCounter.table","NW_015090842.1:10116821",34,84,50
"VPS9D1","s329_S_POA_02_ASEReadCounter.table","NW_015090842.1:10116825",34,79,45
"VPS9D1","s329_S_POA_02_ASEReadCounter.table","NW_015090842.1:10116882",35,70,35
"VPS9D1","s329_S_POA_02_ASEReadCounter.table","NW_015090842.1:10116933",36,78,42
"VPS9D1","s329_S_POA_02_ASEReadCounter.table","NW_015090842.1:10116942",33,80,47
"VPS9D1","s329_S_POA_02_ASEReadCounter.table","NW_015090842.1:10117152",27,66,39
"VPS9D1","s329_S_POA_02_ASEReadCounter.table","NW_015090842.1:10117480",14,49,35
"VPS9D1","s329_S_POA_02_ASEReadCounter.table","NW_015090842.1:10117497",17,47,30
"VPS9D1","s329_S_POA_02_ASEReadCounter.table","NW_015090842.1:10117499",16,48,32
"VPS9D1","s329_S_POA_02_ASEReadCounter.table","NW_015090842.1:10117516",23,59,36
"VPS9D1","s329_S_POA_02_ASEReadCounter.table","NW_015090842.1:10117525",24,62,38
"VPS9D1","s329_S_POA_02_ASEReadCounter.table","NW_015090842.1:10117579",26,78,52
"VPS9D1","s329_S_POA_02_ASEReadCounter.table","NW_015090842.1:10117627",24,77,53
"VPS9D1","s329_S_POA_02_ASEReadCounter.table","NW_015090842.1:10117678",17,70,53
"VPS9D1","s329_S_POA_02_ASEReadCounter.table","NW_015090842.1:10117773",35,90,55
"VPS9D1","s329_S_POA_02_ASEReadCounter.table","NW_015090842.1:10117937",32,91,59
"VPS9D1","s329_S_POA_02_ASEReadCounter.table","NW_015090842.1:10117961",35,91,56
"VPS9D1","s329_S_POA_02_ASEReadCounter.table","NW_015090842.1:10118236",38,110,72
"VPS9D1","s329_S_POA_02_ASEReadCounter.table","NW_015090842.1:10118414",20,79,59
"VPS9D1","s329_S_POA_02_ASEReadCounter.table","NW_015090842.1:10118973",31,93,62
"VPS9D1","s329_S_POA_02_ASEReadCounter.table","NW_015090842.1:10119500",18,57,39
"ZNF276","s329_S_POA_02_ASEReadCounter.table","NW_015090842.1:10121760",6,12,6
"ZNF276","s329_S_POA_02_ASEReadCounter.table","NW_015090842.1:10121769",6,11,5
"ZNF276","s329_S_POA_02_ASEReadCounter.table","NW_015090842.1:10121802",9,16,7
"ZNF276","s329_S_POA_02_ASEReadCounter.table","NW_015090842.1:10121971",15,26,11
"ZNF276","s329_S_POA_02_ASEReadCounter.table","NW_015090842.1:10122161",17,30,13
"ZNF276","s329_S_POA_02_ASEReadCounter.table","NW_015090842.1:10122164",18,30,12
"ZNF276","s329_S_POA_02_ASEReadCounter.table","NW_015090842.1:10122184",14,26,12
"ZNF276","s329_S_POA_02_ASEReadCounter.table","NW_015090842.1:10122883",12,24,12
"ZNF276","s329_S_POA_02_ASEReadCounter.table","NW_015090842.1:10122997",19,36,17
"ZNF276","s329_S_POA_02_ASEReadCounter.table","NW_015090842.1:10123069",10,31,21
"ZNF276","s329_S_POA_02_ASEReadCounter.table","NW_015090842.1:10123207",17,44,27
"ZNF276","s329_S_POA_02_ASEReadCounter.table","NW_015090842.1:10125787",28,61,33
"ZNF276","s329_S_POA_02_ASEReadCounter.table","NW_015090842.1:10126309",27,59,32
"ZNF276","s329_S_POA_02_ASEReadCounter.table","NW_015090842.1:10126348",33,58,25
"ZNF276","s329_S_POA_02_ASEReadCounter.table","NW_015090842.1:10126978",28,49,21
"ZNF276","s329_S_POA_02_ASEReadCounter.table","NW_015090842.1:10126991",26,45,19
"ZNF276","s329_S_POA_02_ASEReadCounter.table","NW_015090842.1:10127023",31,52,21
"ZNF276","s329_S_POA_02_ASEReadCounter.table","NW_015090842.1:10127063",30,59,29
"ZNF276","s329_S_POA_02_ASEReadCounter.table","NW_015090842.1:10127373",26,51,25
"ZNF276","s329_S_POA_02_ASEReadCounter.table","NW_015090842.1:10127931",28,53,25
"ZNF276","s329_S_POA_02_ASEReadCounter.table","NW_015090842.1:10128070",31,50,19
"ZNF276","s329_S_POA_02_ASEReadCounter.table","NW_015090842.1:10128102",25,47,22
"ZNF276","s329_S_POA_02_ASEReadCounter.table","NW_015090842.1:10128356",20,52,32
"ZNF276","s329_S_POA_02_ASEReadCounter.table","NW_015090842.1:10128497",15,38,23
"FANCA","s329_S_POA_02_ASEReadCounter.table","NW_015090842.1:10128743",2,3,1
"FANCA","s329_S_POA_02_ASEReadCounter.table","NW_015090842.1:10128822",1,1,0
"FANCA","s329_S_POA_02_ASEReadCounter.table","NW_015090842.1:10129383",1,5,4
"FANCA","s329_S_POA_02_ASEReadCounter.table","NW_015090842.1:10129390",1,5,4
"FANCA","s329_S_POA_02_ASEReadCounter.table","NW_015090842.1:10129422",1,4,3
"FANCA","s329_S_POA_02_ASEReadCounter.table","NW_015090842.1:10129969",2,3,1
"FANCA","s329_S_POA_02_ASEReadCounter.table","NW_015090842.1:10130399",1,3,2
"FANCA","s329_S_POA_02_ASEReadCounter.table","NW_015090842.1:10130857",1,3,2
"FANCA","s329_S_POA_02_ASEReadCounter.table","NW_015090842.1:10130878",0,2,2
"FANCA","s329_S_POA_02_ASEReadCounter.table","NW_015090842.1:10133530",1,3,2
"FANCA","s329_S_POA_02_ASEReadCounter.table","NW_015090842.1:10133533",1,2,1
"FANCA","s329_S_POA_02_ASEReadCounter.table","NW_015090842.1:10133536",1,2,1
"FANCA","s329_S_POA_02_ASEReadCounter.table","NW_015090842.1:10133601",1,2,1
"FANCA","s329_S_POA_02_ASEReadCounter.table","NW_015090842.1:10152863",0,1,1
"FANCA","s329_S_POA_02_ASEReadCounter.table","NW_015090842.1:10158957",1,1,0
"FANCA","s329_S_POA_02_ASEReadCounter.table","NW_015090842.1:10160177",1,2,1
"SPIRE2","s329_S_POA_02_ASEReadCounter.table","NW_015090842.1:10172284",21,38,17
"SPIRE2","s329_S_POA_02_ASEReadCounter.table","NW_015090842.1:10175262",40,69,29
"SPIRE2","s329_S_POA_02_ASEReadCounter.table","NW_015090842.1:10175352",13,21,8
"SPIRE2","s329_S_POA_02_ASEReadCounter.table","NW_015090842.1:10175400",50,107,57
"SPIRE2","s329_S_POA_02_ASEReadCounter.table","NW_015090842.1:10175418",61,121,60
"SPIRE2","s329_S_POA_02_ASEReadCounter.table","NW_015090842.1:10175704",67,149,82
"SPIRE2","s329_S_POA_02_ASEReadCounter.table","NW_015090842.1:10176115",100,211,111
"SPIRE2","s329_S_POA_02_ASEReadCounter.table","NW_015090842.1:10176561",80,187,107
"SPIRE2","s329_S_POA_02_ASEReadCounter.table","NW_015090842.1:10176817",101,204,103
"SPIRE2","s329_S_POA_02_ASEReadCounter.table","NW_015090842.1:10177084",56,136,80
"SPIRE2","s329_S_POA_02_ASEReadCounter.table","NW_015090842.1:10177838",81,180,99
"SPIRE2","s329_S_POA_02_ASEReadCounter.table","NW_015090842.1:10178000",76,185,109
"SPIRE2","s329_S_POA_02_ASEReadCounter.table","NW_015090842.1:10178164",98,209,111
"SPIRE2","s329_S_POA_02_ASEReadCounter.table","NW_015090842.1:10178216",93,216,123
"SPIRE2","s329_S_POA_02_ASEReadCounter.table","NW_015090842.1:10178303",93,192,99
"SPIRE2","s329_S_POA_02_ASEReadCounter.table","NW_015090842.1:10178403",73,171,98
"SPIRE2","s329_S_POA_02_ASEReadCounter.table","NW_015090842.1:10178409",72,166,94
"SPIRE2","s329_S_POA_02_ASEReadCounter.table","NW_015090842.1:10178524",73,175,102
"SPIRE2","s329_S_POA_02_ASEReadCounter.table","NW_015090842.1:10178526",73,175,102
"SPIRE2","s329_S_POA_02_ASEReadCounter.table","NW_015090842.1:10178531",72,174,102
"SPIRE2","s329_S_POA_02_ASEReadCounter.table","NW_015090842.1:10178565",65,157,92
"SPIRE2","s329_S_POA_02_ASEReadCounter.table","NW_015090842.1:10178587",61,139,78
"SPIRE2","s329_S_POA_02_ASEReadCounter.table","NW_015090842.1:10178640",46,96,50
"SPIRE2","s329_S_POA_02_ASEReadCounter.table","NW_015090842.1:10178651",48,109,61
"SPIRE2","s329_S_POA_02_ASEReadCounter.table","NW_015090842.1:10178682",50,107,57
"TCF25","s329_S_POA_02_ASEReadCounter.table","NW_015090842.1:10180912",37,64,27
"TCF25","s329_S_POA_02_ASEReadCounter.table","NW_015090842.1:10180924",37,66,29
"TCF25","s329_S_POA_02_ASEReadCounter.table","NW_015090842.1:10180931",39,68,29
"TCF25","s329_S_POA_02_ASEReadCounter.table","NW_015090842.1:10185332",130,227,97
"TCF25","s329_S_POA_02_ASEReadCounter.table","NW_015090842.1:10196561",100,169,69
"TCF25","s329_S_POA_02_ASEReadCounter.table","NW_015090842.1:10197399",115,243,128
"MC1R","s329_S_POA_02_ASEReadCounter.table","NW_015090842.1:10201853",0,2,2
"MC1R","s329_S_POA_02_ASEReadCounter.table","NW_015090842.1:10201986",1,1,0
"MC1R","s329_S_POA_02_ASEReadCounter.table","NW_015090842.1:10202160",1,1,0
"MC1R","s329_S_POA_02_ASEReadCounter.table","NW_015090842.1:10202447",0,1,1
"TUBB3","s329_S_POA_02_ASEReadCounter.table","NW_015090842.1:10205322",3,373,370
"GAS8","s329_S_POA_02_ASEReadCounter.table","NW_015090842.1:10228982",20,52,32
"GAS8","s329_S_POA_02_ASEReadCounter.table","NW_015090842.1:10229832",18,45,27
"GAS8","s329_S_POA_02_ASEReadCounter.table","NW_015090842.1:10232901",23,41,18
"GAS8","s329_S_POA_02_ASEReadCounter.table","NW_015090842.1:10232928",29,49,20
"GAS8","s329_S_POA_02_ASEReadCounter.table","NW_015090842.1:10232967",28,53,25
"GAS8","s329_S_POA_02_ASEReadCounter.table","NW_015090842.1:10233032",15,34,19
"GAS8","s329_S_POA_02_ASEReadCounter.table","NW_015090842.1:10233057",13,28,15
"GAS8","s329_S_POA_02_ASEReadCounter.table","NW_015090842.1:10233058",13,31,18
"GAS8","s329_S_POA_02_ASEReadCounter.table","NW_015090842.1:10233176",18,29,11
"GAS8","s329_S_POA_02_ASEReadCounter.table","NW_015090842.1:10233196",16,29,13
"GAS8","s329_S_POA_02_ASEReadCounter.table","NW_015090842.1:10233252",7,19,12
"GAS8","s329_S_POA_02_ASEReadCounter.table","NW_015090842.1:10233303",3,8,5
"LOC106888094","s329_S_POA_02_ASEReadCounter.table","NW_015090842.1:10233334",2,6,4
"LOC106888094","s329_S_POA_02_ASEReadCounter.table","NW_015090842.1:10233362",5,15,10
"LOC106888094","s329_S_POA_02_ASEReadCounter.table","NW_015090842.1:10233373",5,17,12
"LOC106888094","s329_S_POA_02_ASEReadCounter.table","NW_015090842.1:10233388",7,19,12
"LOC106888094","s329_S_POA_02_ASEReadCounter.table","NW_015090842.1:10233402",9,21,12
"LOC106888094","s329_S_POA_02_ASEReadCounter.table","NW_015090842.1:10233465",13,30,17
"LOC106888094","s329_S_POA_02_ASEReadCounter.table","NW_015090842.1:10233803",10,23,13
"LOC106888094","s329_S_POA_02_ASEReadCounter.table","NW_015090842.1:10233815",7,22,15
"LOC106888094","s329_S_POA_02_ASEReadCounter.table","NW_015090842.1:10235484",0,2,2
"LOC106888094","s329_S_POA_02_ASEReadCounter.table","NW_015090842.1:10235611",0,1,1
"LOC106888094","s329_S_POA_02_ASEReadCounter.table","NW_015090842.1:10235977",1,2,1
"LOC106888094","s329_S_POA_02_ASEReadCounter.table","NW_015090842.1:10236098",0,2,2
"LOC106888094","s329_S_POA_02_ASEReadCounter.table","NW_015090842.1:10236161",0,1,1
"LOC106888094","s329_S_POA_02_ASEReadCounter.table","NW_015090842.1:10236380",1,4,3
"LOC106888094","s329_S_POA_02_ASEReadCounter.table","NW_015090842.1:10236388",1,3,2
"LOC106888094","s329_S_POA_02_ASEReadCounter.table","NW_015090842.1:10236425",0,2,2
"LOC106888094","s329_S_POA_02_ASEReadCounter.table","NW_015090842.1:10236426",0,1,1
"LOC106888094","s329_S_POA_02_ASEReadCounter.table","NW_015090842.1:10236603",0,1,1
"LOC106888173","s329_S_POA_02_ASEReadCounter.table","NW_015090842.1:10239596",1,7,6
"LOC106888173","s329_S_POA_02_ASEReadCounter.table","NW_015090842.1:10240036",3,14,11
"LOC106888173","s329_S_POA_02_ASEReadCounter.table","NW_015090842.1:10240095",5,20,15
"LOC106888173","s329_S_POA_02_ASEReadCounter.table","NW_015090842.1:10240280",4,18,14
"LOC106888173","s329_S_POA_02_ASEReadCounter.table","NW_015090842.1:10240557",8,35,27
"LOC106888173","s329_S_POA_02_ASEReadCounter.table","NW_015090842.1:10240603",7,29,22
"LOC106888173","s329_S_POA_02_ASEReadCounter.table","NW_015090842.1:10240609",7,28,21
"LOC106888173","s329_S_POA_02_ASEReadCounter.table","NW_015090842.1:10240924",6,30,24
"LOC106888173","s329_S_POA_02_ASEReadCounter.table","NW_015090842.1:10241037",5,26,21
"LOC106888173","s329_S_POA_02_ASEReadCounter.table","NW_015090842.1:10241046",6,26,20
"LOC106888173","s329_S_POA_02_ASEReadCounter.table","NW_015090842.1:10241058",6,25,19
"LOC106888173","s329_S_POA_02_ASEReadCounter.table","NW_015090842.1:10241064",6,27,21
"LOC106888173","s329_S_POA_02_ASEReadCounter.table","NW_015090842.1:10241163",7,34,27
"LOC106888173","s329_S_POA_02_ASEReadCounter.table","NW_015090842.1:10241803",6,35,29
"LOC106888173","s329_S_POA_02_ASEReadCounter.table","NW_015090842.1:10241827",7,30,23
"LOC106888173","s329_S_POA_02_ASEReadCounter.table","NW_015090842.1:10241869",8,32,24
"LOC106888173","s329_S_POA_02_ASEReadCounter.table","NW_015090842.1:10242079",4,27,23
"LOC106888173","s329_S_POA_02_ASEReadCounter.table","NW_015090842.1:10242103",4,32,28
"LOC106888173","s329_S_POA_02_ASEReadCounter.table","NW_015090842.1:10242157",4,31,27
"LOC106888173","s329_S_POA_02_ASEReadCounter.table","NW_015090842.1:10242455",7,27,20
"LOC106888173","s329_S_POA_02_ASEReadCounter.table","NW_015090842.1:10242481",5,26,21
"LOC106888173","s329_S_POA_02_ASEReadCounter.table","NW_015090842.1:10242590",6,34,28
"LOC106888173","s329_S_POA_02_ASEReadCounter.table","NW_015090842.1:10242794",2,19,17
"LOC106888173","s329_S_POA_02_ASEReadCounter.table","NW_015090842.1:10242909",4,26,22
"LOC106888173","s329_S_POA_02_ASEReadCounter.table","NW_015090842.1:10243094",8,23,15
"LOC106888173","s329_S_POA_02_ASEReadCounter.table","NW_015090842.1:10243133",5,19,14
"LOC106888173","s329_S_POA_02_ASEReadCounter.table","NW_015090842.1:10243273",6,30,24
"LOC106888173","s329_S_POA_02_ASEReadCounter.table","NW_015090842.1:10243278",7,30,23
"LOC106888173","s329_S_POA_02_ASEReadCounter.table","NW_015090842.1:10243281",6,29,23
"LOC106888173","s329_S_POA_02_ASEReadCounter.table","NW_015090842.1:10243347",23,23,0
"LOC106888173","s329_S_POA_02_ASEReadCounter.table","NW_015090842.1:10243353",7,20,13
"LOC106888173","s329_S_POA_02_ASEReadCounter.table","NW_015090842.1:10243363",6,18,12
"LOC106888173","s329_S_POA_02_ASEReadCounter.table","NW_015090842.1:10243365",7,19,12
"LOC106888173","s329_S_POA_02_ASEReadCounter.table","NW_015090842.1:10243529",3,15,12
"LOC106888173","s329_S_POA_02_ASEReadCounter.table","NW_015090842.1:10243566",5,22,17
"LOC106888173","s329_S_POA_02_ASEReadCounter.table","NW_015090842.1:10243605",4,17,13
"LOC106888173","s329_S_POA_02_ASEReadCounter.table","NW_015090842.1:10243614",4,18,14
"LOC106888173","s329_S_POA_02_ASEReadCounter.table","NW_015090842.1:10243615",4,18,14
"LOC106888173","s329_S_POA_02_ASEReadCounter.table","NW_015090842.1:10243640",1,16,15
"LOC106888173","s329_S_POA_02_ASEReadCounter.table","NW_015090842.1:10243680",3,17,14
"LOC106888173","s329_S_POA_02_ASEReadCounter.table","NW_015090842.1:10243742",3,19,16
"LOC106888173","s329_S_POA_02_ASEReadCounter.table","NW_015090842.1:10243804",2,16,14
"LOC106888173","s329_S_POA_02_ASEReadCounter.table","NW_015090842.1:10243913",4,6,2
"LOC106888173","s329_S_POA_02_ASEReadCounter.table","NW_015090842.1:10243921",4,5,1
"LOC106888384","s329_S_POA_02_ASEReadCounter.table","NW_015090842.1:10250743",1,1,0
"LOC106888384","s329_S_POA_02_ASEReadCounter.table","NW_015090842.1:10250771",1,1,0
"LOC106888384","s329_S_POA_02_ASEReadCounter.table","NW_015090842.1:10251354",0,2,2
"LOC106888384","s329_S_POA_02_ASEReadCounter.table","NW_015090842.1:10251358",0,2,2
"LOC106888384","s329_S_POA_02_ASEReadCounter.table","NW_015090842.1:10251369",0,2,2
"LOC106888384","s329_S_POA_02_ASEReadCounter.table","NW_015090842.1:10251370",0,2,2
"LOC106888384","s329_S_POA_02_ASEReadCounter.table","NW_015090842.1:10251375",0,2,2
"LOC106888384","s329_S_POA_02_ASEReadCounter.table","NW_015090842.1:10251388",0,2,2
"LOC106888384","s329_S_POA_02_ASEReadCounter.table","NW_015090842.1:10251390",0,2,2
"LOC106888384","s329_S_POA_02_ASEReadCounter.table","NW_015090842.1:10251393",0,2,2
"LOC106888384","s329_S_POA_02_ASEReadCounter.table","NW_015090842.1:10251399",0,2,2
"LOC106888384","s329_S_POA_02_ASEReadCounter.table","NW_015090842.1:10254227",1,1,0
"LOC106888384","s329_S_POA_02_ASEReadCounter.table","NW_015090842.1:10254233",1,1,0
"LOC106888384","s329_S_POA_02_ASEReadCounter.table","NW_015090842.1:10254263",1,1,0
"LOC106888384","s329_S_POA_02_ASEReadCounter.table","NW_015090842.1:10254293",1,1,0
"LOC106888384","s329_S_POA_02_ASEReadCounter.table","NW_015090842.1:10255614",1,1,0
"LOC106888384","s329_S_POA_02_ASEReadCounter.table","NW_015090842.1:10255704",3,3,0
"LOC106888384","s329_S_POA_02_ASEReadCounter.table","NW_015090842.1:10255731",4,4,0
"LOC106888384","s329_S_POA_02_ASEReadCounter.table","NW_015090842.1:10255771",4,4,0
"TANGO6","s329_S_POA_02_ASEReadCounter.table","NW_015090842.1:10257782",18,21,3
"TANGO6","s329_S_POA_02_ASEReadCounter.table","NW_015090842.1:10258162",17,22,5
"TANGO6","s329_S_POA_02_ASEReadCounter.table","NW_015090842.1:10258185",16,22,6
"TANGO6","s329_S_POA_02_ASEReadCounter.table","NW_015090842.1:10259267",15,29,14
"TANGO6","s329_S_POA_02_ASEReadCounter.table","NW_015090842.1:10260250",44,67,23
"TANGO6","s329_S_POA_02_ASEReadCounter.table","NW_015090842.1:10260979",19,36,17
"TANGO6","s329_S_POA_02_ASEReadCounter.table","NW_015090842.1:10261599",26,38,12
"TANGO6","s329_S_POA_02_ASEReadCounter.table","NW_015090842.1:10268425",35,54,19
"TANGO6","s329_S_POA_02_ASEReadCounter.table","NW_015090842.1:10269831",27,51,24
"TANGO6","s329_S_POA_02_ASEReadCounter.table","NW_015090842.1:10270813",40,61,21
"TANGO6","s329_S_POA_02_ASEReadCounter.table","NW_015090842.1:10273952",32,41,9
"TANGO6","s329_S_POA_02_ASEReadCounter.table","NW_015090842.1:10273970",38,53,15
"TANGO6","s329_S_POA_02_ASEReadCounter.table","NW_015090842.1:10274018",38,54,16
"TANGO6","s329_S_POA_02_ASEReadCounter.table","NW_015090842.1:10275974",36,61,25
"TANGO6","s329_S_POA_02_ASEReadCounter.table","NW_015090842.1:10275976",37,61,24
"TANGO6","s329_S_POA_02_ASEReadCounter.table","NW_015090842.1:10276123",37,56,19
"TANGO6","s329_S_POA_02_ASEReadCounter.table","NW_015090842.1:10276271",28,41,13
"TANGO6","s329_S_POA_02_ASEReadCounter.table","NW_015090842.1:10276272",27,40,13
"TANGO6","s329_S_POA_02_ASEReadCounter.table","NW_015090842.1:10276275",25,38,13
"TANGO6","s329_S_POA_02_ASEReadCounter.table","NW_015090842.1:10276278",28,42,14
"TANGO6","s329_S_POA_02_ASEReadCounter.table","NW_015090842.1:10276368",12,20,8
"TANGO6","s329_S_POA_02_ASEReadCounter.table","NW_015090842.1:10276373",12,22,10
"TANGO6","s329_S_POA_02_ASEReadCounter.table","NW_015090842.1:10276630",29,45,16
"TANGO6","s329_S_POA_02_ASEReadCounter.table","NW_015090842.1:10281498",32,45,13
"TANGO6","s329_S_POA_02_ASEReadCounter.table","NW_015090842.1:10282842",38,52,14
"TANGO6","s329_S_POA_02_ASEReadCounter.table","NW_015090842.1:10282863",32,44,12
"TANGO6","s329_S_POA_02_ASEReadCounter.table","NW_015090842.1:10282869",34,46,12
"TANGO6","s329_S_POA_02_ASEReadCounter.table","NW_015090842.1:10282903",31,51,20
"TANGO6","s329_S_POA_02_ASEReadCounter.table","NW_015090842.1:10283757",44,64,20
"TANGO6","s329_S_POA_02_ASEReadCounter.table","NW_015090842.1:10283785",47,65,18
"HAS3","s329_S_POA_02_ASEReadCounter.table","NW_015090842.1:10288093",1,4,3
"HAS3","s329_S_POA_02_ASEReadCounter.table","NW_015090842.1:10288266",1,2,1
"HAS3","s329_S_POA_02_ASEReadCounter.table","NW_015090842.1:10288274",1,3,2
"HAS3","s329_S_POA_02_ASEReadCounter.table","NW_015090842.1:10288364",0,3,3
"HAS3","s329_S_POA_02_ASEReadCounter.table","NW_015090842.1:10288405",1,3,2
"HAS3","s329_S_POA_02_ASEReadCounter.table","NW_015090842.1:10289708",2,5,3
"HAS3","s329_S_POA_02_ASEReadCounter.table","NW_015090842.1:10290375",0,2,2
"HAS3","s329_S_POA_02_ASEReadCounter.table","NW_015090842.1:10290395",0,1,1
"HAS3","s329_S_POA_02_ASEReadCounter.table","NW_015090842.1:10290561",1,2,1
"HAS3","s329_S_POA_02_ASEReadCounter.table","NW_015090842.1:10290609",1,4,3
"HAS3","s329_S_POA_02_ASEReadCounter.table","NW_015090842.1:10290666",1,4,3
"HAS3","s329_S_POA_02_ASEReadCounter.table","NW_015090842.1:10290723",3,4,1
"HAS3","s329_S_POA_02_ASEReadCounter.table","NW_015090842.1:10290927",5,8,3
"HAS3","s329_S_POA_02_ASEReadCounter.table","NW_015090842.1:10291004",3,8,5
"CHTF8","s329_S_POA_02_ASEReadCounter.table","NW_015090842.1:10291319",2,3,1
"CHTF8","s329_S_POA_02_ASEReadCounter.table","NW_015090842.1:10291342",3,4,1
"CHTF8","s329_S_POA_02_ASEReadCounter.table","NW_015090842.1:10291491",10,17,7
"CHTF8","s329_S_POA_02_ASEReadCounter.table","NW_015090842.1:10291520",13,24,11
"CHTF8","s329_S_POA_02_ASEReadCounter.table","NW_015090842.1:10291593",9,20,11
"CHTF8","s329_S_POA_02_ASEReadCounter.table","NW_015090842.1:10291600",10,21,11
"CHTF8","s329_S_POA_02_ASEReadCounter.table","NW_015090842.1:10291609",6,12,6
"CHTF8","s329_S_POA_02_ASEReadCounter.table","NW_015090842.1:10291639",9,17,8
"CHTF8","s329_S_POA_02_ASEReadCounter.table","NW_015090842.1:10291641",7,17,10
"CHTF8","s329_S_POA_02_ASEReadCounter.table","NW_015090842.1:10291648",12,21,9
"CHTF8","s329_S_POA_02_ASEReadCounter.table","NW_015090842.1:10291656",11,20,9
"CHTF8","s329_S_POA_02_ASEReadCounter.table","NW_015090842.1:10291675",13,23,10
"CHTF8","s329_S_POA_02_ASEReadCounter.table","NW_015090842.1:10291696",11,19,8
"CHTF8","s329_S_POA_02_ASEReadCounter.table","NW_015090842.1:10291714",14,22,8
"CHTF8","s329_S_POA_02_ASEReadCounter.table","NW_015090842.1:10291732",14,23,9
"CHTF8","s329_S_POA_02_ASEReadCounter.table","NW_015090842.1:10291755",12,21,9
"CHTF8","s329_S_POA_02_ASEReadCounter.table","NW_015090842.1:10291756",12,19,7
"CHTF8","s329_S_POA_02_ASEReadCounter.table","NW_015090842.1:10291758",12,20,8
"CHTF8","s329_S_POA_02_ASEReadCounter.table","NW_015090842.1:10291792",13,26,13
"CHTF8","s329_S_POA_02_ASEReadCounter.table","NW_015090842.1:10291895",10,19,9
"CHTF8","s329_S_POA_02_ASEReadCounter.table","NW_015090842.1:10292132",7,14,7
"CHTF8","s329_S_POA_02_ASEReadCounter.table","NW_015090842.1:10292314",10,17,7
"CHTF8","s329_S_POA_02_ASEReadCounter.table","NW_015090842.1:10292317",10,18,8
"CHTF8","s329_S_POA_02_ASEReadCounter.table","NW_015090842.1:10292928",2,3,1
"UTP4","s329_S_POA_02_ASEReadCounter.table","NW_015090842.1:10293146",18,29,11
"UTP4","s329_S_POA_02_ASEReadCounter.table","NW_015090842.1:10293151",20,30,10
"UTP4","s329_S_POA_02_ASEReadCounter.table","NW_015090842.1:10293191",7,14,7
"UTP4","s329_S_POA_02_ASEReadCounter.table","NW_015090842.1:10293362",23,35,12
"UTP4","s329_S_POA_02_ASEReadCounter.table","NW_015090842.1:10293430",17,31,14
"UTP4","s329_S_POA_02_ASEReadCounter.table","NW_015090842.1:10293625",18,32,14
"UTP4","s329_S_POA_02_ASEReadCounter.table","NW_015090842.1:10293684",17,36,19
"UTP4","s329_S_POA_02_ASEReadCounter.table","NW_015090842.1:10294093",16,31,15
"UTP4","s329_S_POA_02_ASEReadCounter.table","NW_015090842.1:10294568",21,45,24
"UTP4","s329_S_POA_02_ASEReadCounter.table","NW_015090842.1:10294622",20,42,22
"UTP4","s329_S_POA_02_ASEReadCounter.table","NW_015090842.1:10294632",21,40,19
"UTP4","s329_S_POA_02_ASEReadCounter.table","NW_015090842.1:10295238",18,38,20
"UTP4","s329_S_POA_02_ASEReadCounter.table","NW_015090842.1:10295880",26,44,18
"UTP4","s329_S_POA_02_ASEReadCounter.table","NW_015090842.1:10295884",25,45,20
"UTP4","s329_S_POA_02_ASEReadCounter.table","NW_015090842.1:10295903",24,43,19
"UTP4","s329_S_POA_02_ASEReadCounter.table","NW_015090842.1:10295906",22,41,19
"UTP4","s329_S_POA_02_ASEReadCounter.table","NW_015090842.1:10295915",24,47,23
"UTP4","s329_S_POA_02_ASEReadCounter.table","NW_015090842.1:10295938",20,46,26
"UTP4","s329_S_POA_02_ASEReadCounter.table","NW_015090842.1:10296175",26,55,29
"UTP4","s329_S_POA_02_ASEReadCounter.table","NW_015090842.1:10296660",16,31,15
"UTP4","s329_S_POA_02_ASEReadCounter.table","NW_015090842.1:10296679",19,34,15
"UTP4","s329_S_POA_02_ASEReadCounter.table","NW_015090842.1:10297193",28,61,33
"UTP4","s329_S_POA_02_ASEReadCounter.table","NW_015090842.1:10297220",26,56,30
"UTP4","s329_S_POA_02_ASEReadCounter.table","NW_015090842.1:10297307",25,68,43
"UTP4","s329_S_POA_02_ASEReadCounter.table","NW_015090842.1:10297558",22,57,35
"UTP4","s329_S_POA_02_ASEReadCounter.table","NW_015090842.1:10297943",19,48,29
"UTP4","s329_S_POA_02_ASEReadCounter.table","NW_015090842.1:10297979",17,41,24
"UTP4","s329_S_POA_02_ASEReadCounter.table","NW_015090842.1:10298022",11,29,18
"UTP4","s329_S_POA_02_ASEReadCounter.table","NW_015090842.1:10298079",1,9,8
"UTP4","s329_S_POA_02_ASEReadCounter.table","NW_015090842.1:10298081",1,8,7
"UTP4","s329_S_POA_02_ASEReadCounter.table","NW_015090842.1:10298082",1,9,8
"SNTB2","s329_S_POA_02_ASEReadCounter.table","NW_015090842.1:10298905",1,2,1
"SNTB2","s329_S_POA_02_ASEReadCounter.table","NW_015090842.1:10298928",1,2,1
"SNTB2","s329_S_POA_02_ASEReadCounter.table","NW_015090842.1:10303506",6,12,6
"SNTB2","s329_S_POA_02_ASEReadCounter.table","NW_015090842.1:10303524",5,11,6
"SNTB2","s329_S_POA_02_ASEReadCounter.table","NW_015090842.1:10304059",6,10,4
"SNTB2","s329_S_POA_02_ASEReadCounter.table","NW_015090842.1:10304089",3,8,5
"SNTB2","s329_S_POA_02_ASEReadCounter.table","NW_015090842.1:10304167",5,11,6
"SNTB2","s329_S_POA_02_ASEReadCounter.table","NW_015090842.1:10304176",5,11,6
"SNTB2","s329_S_POA_02_ASEReadCounter.table","NW_015090842.1:10305069",2,7,5
"SNTB2","s329_S_POA_02_ASEReadCounter.table","NW_015090842.1:10305099",2,8,6
"SNTB2","s329_S_POA_02_ASEReadCounter.table","NW_015090842.1:10305451",5,8,3
"SNTB2","s329_S_POA_02_ASEReadCounter.table","NW_015090842.1:10305547",4,10,6
"SNTB2","s329_S_POA_02_ASEReadCounter.table","NW_015090842.1:10305847",5,10,5
"SNTB2","s329_S_POA_02_ASEReadCounter.table","NW_015090842.1:10305911",4,10,6
"SNTB2","s329_S_POA_02_ASEReadCounter.table","NW_015090842.1:10306173",7,18,11
"SNTB2","s329_S_POA_02_ASEReadCounter.table","NW_015090842.1:10306275",1,6,5
"SNTB2","s329_S_POA_02_ASEReadCounter.table","NW_015090842.1:10306457",1,7,6
"SNTB2","s329_S_POA_02_ASEReadCounter.table","NW_015090842.1:10306496",5,13,8
"SNTB2","s329_S_POA_02_ASEReadCounter.table","NW_015090842.1:10306499",5,13,8
"VPS4A","s329_S_POA_02_ASEReadCounter.table","NW_015090842.1:10308566",91,180,89
"VPS4A","s329_S_POA_02_ASEReadCounter.table","NW_015090842.1:10308573",102,191,89
"VPS4A","s329_S_POA_02_ASEReadCounter.table","NW_015090842.1:10308856",140,282,142
"VPS4A","s329_S_POA_02_ASEReadCounter.table","NW_015090842.1:10309056",174,347,173
"VPS4A","s329_S_POA_02_ASEReadCounter.table","NW_015090842.1:10309089",195,401,206
"VPS4A","s329_S_POA_02_ASEReadCounter.table","NW_015090842.1:10309392",175,322,147
"VPS4A","s329_S_POA_02_ASEReadCounter.table","NW_015090842.1:10309413",182,339,157
"VPS4A","s329_S_POA_02_ASEReadCounter.table","NW_015090842.1:10309467",211,411,200
"VPS4A","s329_S_POA_02_ASEReadCounter.table","NW_015090842.1:10310230",228,492,264
"VPS4A","s329_S_POA_02_ASEReadCounter.table","NW_015090842.1:10310425",186,391,205
"VPS4A","s329_S_POA_02_ASEReadCounter.table","NW_015090842.1:10310639",225,450,225
"VPS4A","s329_S_POA_02_ASEReadCounter.table","NW_015090842.1:10310640",448,448,0
"VPS4A","s329_S_POA_02_ASEReadCounter.table","NW_015090842.1:10310687",239,453,214
"VPS4A","s329_S_POA_02_ASEReadCounter.table","NW_015090842.1:10310734",187,346,159
"VPS4A","s329_S_POA_02_ASEReadCounter.table","NW_015090842.1:10310737",186,349,163
"VPS4A","s329_S_POA_02_ASEReadCounter.table","NW_015090842.1:10310746",184,342,158
"VPS4A","s329_S_POA_02_ASEReadCounter.table","NW_015090842.1:10310767",204,367,163
"VPS4A","s329_S_POA_02_ASEReadCounter.table","NW_015090842.1:10310995",196,384,188
"VPS4A","s329_S_POA_02_ASEReadCounter.table","NW_015090842.1:10311004",209,393,184
"VPS4A","s329_S_POA_02_ASEReadCounter.table","NW_015090842.1:10311007",205,398,193
"VPS4A","s329_S_POA_02_ASEReadCounter.table","NW_015090842.1:10311013",220,413,193
"VPS4A","s329_S_POA_02_ASEReadCounter.table","NW_015090842.1:10311022",194,378,184
"VPS4A","s329_S_POA_02_ASEReadCounter.table","NW_015090842.1:10311023",196,364,168
"VPS4A","s329_S_POA_02_ASEReadCounter.table","NW_015090842.1:10311426",200,420,220
"VPS4A","s329_S_POA_02_ASEReadCounter.table","NW_015090842.1:10311489",3,18,15
"VPS4A","s329_S_POA_02_ASEReadCounter.table","NW_015090842.1:10311490",2,14,12
"VPS4A","s329_S_POA_02_ASEReadCounter.table","NW_015090842.1:10311525",5,17,12
"VPS4A","s329_S_POA_02_ASEReadCounter.table","NW_015090842.1:10311529",6,22,16
"VPS4A","s329_S_POA_02_ASEReadCounter.table","NW_015090842.1:10311530",6,24,18
"VPS4A","s329_S_POA_02_ASEReadCounter.table","NW_015090842.1:10311552",24,48,24
"VPS4A","s329_S_POA_02_ASEReadCounter.table","NW_015090842.1:10311689",19,42,23
"VPS4A","s329_S_POA_02_ASEReadCounter.table","NW_015090842.1:10311700",29,54,25
"VPS4A","s329_S_POA_02_ASEReadCounter.table","NW_015090842.1:10311701",28,54,26
"VPS4A","s329_S_POA_02_ASEReadCounter.table","NW_015090842.1:10311703",29,56,27
"COG8","s329_S_POA_02_ASEReadCounter.table","NW_015090842.1:10313487",24,53,29
"COG8","s329_S_POA_02_ASEReadCounter.table","NW_015090842.1:10313559",43,74,31
"COG8","s329_S_POA_02_ASEReadCounter.table","NW_015090842.1:10313579",38,71,33
"COG8","s329_S_POA_02_ASEReadCounter.table","NW_015090842.1:10313665",25,60,35
"COG8","s329_S_POA_02_ASEReadCounter.table","NW_015090842.1:10313681",31,67,36
"COG8","s329_S_POA_02_ASEReadCounter.table","NW_015090842.1:10313768",43,87,44
"COG8","s329_S_POA_02_ASEReadCounter.table","NW_015090842.1:10313775",45,91,46
"COG8","s329_S_POA_02_ASEReadCounter.table","NW_015090842.1:10313811",31,66,35
"COG8","s329_S_POA_02_ASEReadCounter.table","NW_015090842.1:10313858",30,56,26
"COG8","s329_S_POA_02_ASEReadCounter.table","NW_015090842.1:10313859",25,55,30
"COG8","s329_S_POA_02_ASEReadCounter.table","NW_015090842.1:10314100",32,68,36
"COG8","s329_S_POA_02_ASEReadCounter.table","NW_015090842.1:10314213",26,63,37
"COG8","s329_S_POA_02_ASEReadCounter.table","NW_015090842.1:10315093",22,43,21
"COG8","s329_S_POA_02_ASEReadCounter.table","NW_015090842.1:10315162",26,53,27
"COG8","s329_S_POA_02_ASEReadCounter.table","NW_015090842.1:10315285",26,57,31
"COG8","s329_S_POA_02_ASEReadCounter.table","NW_015090842.1:10315360",23,50,27
"COG8","s329_S_POA_02_ASEReadCounter.table","NW_015090842.1:10315369",24,52,28
"COG8","s329_S_POA_02_ASEReadCounter.table","NW_015090842.1:10315508",16,37,21
"COG8","s329_S_POA_02_ASEReadCounter.table","NW_015090842.1:10315624",21,56,35
"COG8","s329_S_POA_02_ASEReadCounter.table","NW_015090842.1:10315693",18,52,34
"COG8","s329_S_POA_02_ASEReadCounter.table","NW_015090842.1:10315698",20,54,34
"COG8","s329_S_POA_02_ASEReadCounter.table","NW_015090842.1:10315768",14,41,27
"COG8","s329_S_POA_02_ASEReadCounter.table","NW_015090842.1:10315769",15,42,27
"COG8","s329_S_POA_02_ASEReadCounter.table","NW_015090842.1:10315784",20,45,25
"COG8","s329_S_POA_02_ASEReadCounter.table","NW_015090842.1:10316093",23,39,16
"COG8","s329_S_POA_02_ASEReadCounter.table","NW_015090842.1:10316133",13,34,21
"NIP7","s329_S_POA_02_ASEReadCounter.table","NW_015090842.1:10316759",20,44,24
"NIP7","s329_S_POA_02_ASEReadCounter.table","NW_015090842.1:10316967",98,214,116
"NIP7","s329_S_POA_02_ASEReadCounter.table","NW_015090842.1:10316995",122,233,111
"NIP7","s329_S_POA_02_ASEReadCounter.table","NW_015090842.1:10317240",141,308,167
"NIP7","s329_S_POA_02_ASEReadCounter.table","NW_015090842.1:10317247",139,295,156
"NIP7","s329_S_POA_02_ASEReadCounter.table","NW_015090842.1:10317264",140,282,142
"NIP7","s329_S_POA_02_ASEReadCounter.table","NW_015090842.1:10317433",169,369,200
"NIP7","s329_S_POA_02_ASEReadCounter.table","NW_015090842.1:10317738",119,277,158
"NIP7","s329_S_POA_02_ASEReadCounter.table","NW_015090842.1:10317769",128,288,160
"NIP7","s329_S_POA_02_ASEReadCounter.table","NW_015090842.1:10317808",106,223,117
"NIP7","s329_S_POA_02_ASEReadCounter.table","NW_015090842.1:10317870",65,143,78
"NIP7","s329_S_POA_02_ASEReadCounter.table","NW_015090842.1:10317871",65,140,75
"NIP7","s329_S_POA_02_ASEReadCounter.table","NW_015090842.1:10317898",44,97,53
"NIP7","s329_S_POA_02_ASEReadCounter.table","NW_015090842.1:10317911",40,86,46
"TMED6","s329_S_POA_02_ASEReadCounter.table","NW_015090842.1:10318514",1,2,1
"TMED6","s329_S_POA_02_ASEReadCounter.table","NW_015090842.1:10318731",2,2,0
"TERF2","s329_S_POA_02_ASEReadCounter.table","NW_015090842.1:10321768",27,45,18
"TERF2","s329_S_POA_02_ASEReadCounter.table","NW_015090842.1:10321777",26,44,18
"TERF2","s329_S_POA_02_ASEReadCounter.table","NW_015090842.1:10321805",23,52,29
"TERF2","s329_S_POA_02_ASEReadCounter.table","NW_015090842.1:10321878",40,87,47
"TERF2","s329_S_POA_02_ASEReadCounter.table","NW_015090842.1:10321893",39,84,45
"TERF2","s329_S_POA_02_ASEReadCounter.table","NW_015090842.1:10321897",39,79,40
"TERF2","s329_S_POA_02_ASEReadCounter.table","NW_015090842.1:10321908",32,69,37
"TERF2","s329_S_POA_02_ASEReadCounter.table","NW_015090842.1:10322001",45,107,62
"TERF2","s329_S_POA_02_ASEReadCounter.table","NW_015090842.1:10322035",41,96,55
"TERF2","s329_S_POA_02_ASEReadCounter.table","NW_015090842.1:10322051",39,100,61
"TERF2","s329_S_POA_02_ASEReadCounter.table","NW_015090842.1:10322137",31,69,38
"TERF2","s329_S_POA_02_ASEReadCounter.table","NW_015090842.1:10322144",30,64,34
"TERF2","s329_S_POA_02_ASEReadCounter.table","NW_015090842.1:10322388",34,93,59
"TERF2","s329_S_POA_02_ASEReadCounter.table","NW_015090842.1:10322396",34,92,58
"TERF2","s329_S_POA_02_ASEReadCounter.table","NW_015090842.1:10322502",46,100,54
"TERF2","s329_S_POA_02_ASEReadCounter.table","NW_015090842.1:10322504",45,104,59
"TERF2","s329_S_POA_02_ASEReadCounter.table","NW_015090842.1:10322510",46,103,57
"TERF2","s329_S_POA_02_ASEReadCounter.table","NW_015090842.1:10323580",41,95,54
"TERF2","s329_S_POA_02_ASEReadCounter.table","NW_015090842.1:10324314",33,76,43
"TERF2","s329_S_POA_02_ASEReadCounter.table","NW_015090842.1:10326832",36,70,34
"TERF2","s329_S_POA_02_ASEReadCounter.table","NW_015090842.1:10327787",24,44,20
"TERF2","s329_S_POA_02_ASEReadCounter.table","NW_015090842.1:10328588",31,71,40
"TERF2","s329_S_POA_02_ASEReadCounter.table","NW_015090842.1:10328644",22,48,26
"TERF2","s329_S_POA_02_ASEReadCounter.table","NW_015090842.1:10329813",17,42,25
"TERF2","s329_S_POA_02_ASEReadCounter.table","NW_015090842.1:10330749",19,42,23
"TERF2","s329_S_POA_02_ASEReadCounter.table","NW_015090842.1:10330789",23,42,19
"CYB5B","s329_S_POA_02_ASEReadCounter.table","NW_015090842.1:10336595",4,10,6
"CYB5B","s329_S_POA_02_ASEReadCounter.table","NW_015090842.1:10336667",63,111,48
"CYB5B","s329_S_POA_02_ASEReadCounter.table","NW_015090842.1:10336689",81,152,71
"CYB5B","s329_S_POA_02_ASEReadCounter.table","NW_015090842.1:10336728",109,229,120
"CYB5B","s329_S_POA_02_ASEReadCounter.table","NW_015090842.1:10345068",139,268,129
"CYB5B","s329_S_POA_02_ASEReadCounter.table","NW_015090842.1:10348800",155,320,165
"CYB5B","s329_S_POA_02_ASEReadCounter.table","NW_015090842.1:10349046",138,275,137
"CYB5B","s329_S_POA_02_ASEReadCounter.table","NW_015090842.1:10349119",71,200,129
"CYB5B","s329_S_POA_02_ASEReadCounter.table","NW_015090842.1:10349146",41,187,146
"CYB5B","s329_S_POA_02_ASEReadCounter.table","NW_015090842.1:10349157",66,211,145
"CYB5B","s329_S_POA_02_ASEReadCounter.table","NW_015090842.1:10349263",115,231,116
