"gene","id","snp","ref_count","total_count","alt_count"
"CENPN","s329_S_LS_02_ASEReadCounter.table","NW_015090842.1:5801612",0,1,1
"CENPN","s329_S_LS_02_ASEReadCounter.table","NW_015090842.1:5801618",2,3,1
"CENPN","s329_S_LS_02_ASEReadCounter.table","NW_015090842.1:5801623",3,4,1
"CENPN","s329_S_LS_02_ASEReadCounter.table","NW_015090842.1:5801631",3,4,1
"CENPN","s329_S_LS_02_ASEReadCounter.table","NW_015090842.1:5801632",3,4,1
"CENPN","s329_S_LS_02_ASEReadCounter.table","NW_015090842.1:5801655",5,6,1
"CENPN","s329_S_LS_02_ASEReadCounter.table","NW_015090842.1:5801670",5,7,2
"CENPN","s329_S_LS_02_ASEReadCounter.table","NW_015090842.1:5801674",5,7,2
"CENPN","s329_S_LS_02_ASEReadCounter.table","NW_015090842.1:5801692",7,9,2
"CENPN","s329_S_LS_02_ASEReadCounter.table","NW_015090842.1:5802008",0,6,6
"CENPN","s329_S_LS_02_ASEReadCounter.table","NW_015090842.1:5802012",0,6,6
"CENPN","s329_S_LS_02_ASEReadCounter.table","NW_015090842.1:5802087",0,6,6
"CENPN","s329_S_LS_02_ASEReadCounter.table","NW_015090842.1:5810113",7,7,0
"CENPN","s329_S_LS_02_ASEReadCounter.table","NW_015090842.1:5810147",9,9,0
"CENPN","s329_S_LS_02_ASEReadCounter.table","NW_015090842.1:5810148",9,9,0
"ATMIN","s329_S_LS_02_ASEReadCounter.table","NW_015090842.1:5818789",3,7,4
"ATMIN","s329_S_LS_02_ASEReadCounter.table","NW_015090842.1:5819958",3,7,4
"ATMIN","s329_S_LS_02_ASEReadCounter.table","NW_015090842.1:5820004",5,10,5
"ATMIN","s329_S_LS_02_ASEReadCounter.table","NW_015090842.1:5820217",2,13,11
"ATMIN","s329_S_LS_02_ASEReadCounter.table","NW_015090842.1:5820250",5,12,7
"ATMIN","s329_S_LS_02_ASEReadCounter.table","NW_015090842.1:5820298",4,10,6
"ATMIN","s329_S_LS_02_ASEReadCounter.table","NW_015090842.1:5820417",4,10,6
"ATMIN","s329_S_LS_02_ASEReadCounter.table","NW_015090842.1:5820421",4,10,6
"ATMIN","s329_S_LS_02_ASEReadCounter.table","NW_015090842.1:5820448",3,10,7
"ATMIN","s329_S_LS_02_ASEReadCounter.table","NW_015090842.1:5820457",2,8,6
"ATMIN","s329_S_LS_02_ASEReadCounter.table","NW_015090842.1:5820510",3,11,8
"ATMIN","s329_S_LS_02_ASEReadCounter.table","NW_015090842.1:5820673",4,9,5
"ATMIN","s329_S_LS_02_ASEReadCounter.table","NW_015090842.1:5820754",3,7,4
"ATMIN","s329_S_LS_02_ASEReadCounter.table","NW_015090842.1:5820820",7,9,2
"ATMIN","s329_S_LS_02_ASEReadCounter.table","NW_015090842.1:5820865",8,11,3
"ATMIN","s329_S_LS_02_ASEReadCounter.table","NW_015090842.1:5820889",7,12,5
"ATMIN","s329_S_LS_02_ASEReadCounter.table","NW_015090842.1:5820891",7,12,5
"ATMIN","s329_S_LS_02_ASEReadCounter.table","NW_015090842.1:5820997",7,12,5
"ATMIN","s329_S_LS_02_ASEReadCounter.table","NW_015090842.1:5821063",10,14,4
"ATMIN","s329_S_LS_02_ASEReadCounter.table","NW_015090842.1:5821132",6,13,7
"ATMIN","s329_S_LS_02_ASEReadCounter.table","NW_015090842.1:5821645",11,24,13
"ATMIN","s329_S_LS_02_ASEReadCounter.table","NW_015090842.1:5825066",9,24,15
"ATMIN","s329_S_LS_02_ASEReadCounter.table","NW_015090842.1:5825106",9,22,13
"ATMIN","s329_S_LS_02_ASEReadCounter.table","NW_015090842.1:5825122",11,26,15
"ATMIN","s329_S_LS_02_ASEReadCounter.table","NW_015090842.1:5825178",15,30,15
"ATMIN","s329_S_LS_02_ASEReadCounter.table","NW_015090842.1:5825194",18,32,14
"ATMIN","s329_S_LS_02_ASEReadCounter.table","NW_015090842.1:5825195",18,32,14
"ATMIN","s329_S_LS_02_ASEReadCounter.table","NW_015090842.1:5825220",19,29,10
"ATMIN","s329_S_LS_02_ASEReadCounter.table","NW_015090842.1:5825240",23,36,13
"ATMIN","s329_S_LS_02_ASEReadCounter.table","NW_015090842.1:5825303",25,48,23
"ATMIN","s329_S_LS_02_ASEReadCounter.table","NW_015090842.1:5825304",25,50,25
"ATMIN","s329_S_LS_02_ASEReadCounter.table","NW_015090842.1:5825310",27,52,25
"ATMIN","s329_S_LS_02_ASEReadCounter.table","NW_015090842.1:5825406",17,37,20
"ATMIN","s329_S_LS_02_ASEReadCounter.table","NW_015090842.1:5825415",19,34,15
"ATMIN","s329_S_LS_02_ASEReadCounter.table","NW_015090842.1:5825438",18,38,20
"ATMIN","s329_S_LS_02_ASEReadCounter.table","NW_015090842.1:5825485",19,40,21
"ATMIN","s329_S_LS_02_ASEReadCounter.table","NW_015090842.1:5825524",21,38,17
"ATMIN","s329_S_LS_02_ASEReadCounter.table","NW_015090842.1:5825557",27,47,20
"ATMIN","s329_S_LS_02_ASEReadCounter.table","NW_015090842.1:5825571",26,48,22
"ATMIN","s329_S_LS_02_ASEReadCounter.table","NW_015090842.1:5825579",29,53,24
"ATMIN","s329_S_LS_02_ASEReadCounter.table","NW_015090842.1:5825590",26,47,21
"ATMIN","s329_S_LS_02_ASEReadCounter.table","NW_015090842.1:5825689",32,53,21
"ATMIN","s329_S_LS_02_ASEReadCounter.table","NW_015090842.1:5825703",33,55,22
"ATMIN","s329_S_LS_02_ASEReadCounter.table","NW_015090842.1:5825787",32,45,13
"ATMIN","s329_S_LS_02_ASEReadCounter.table","NW_015090842.1:5825833",36,63,27
"ATMIN","s329_S_LS_02_ASEReadCounter.table","NW_015090842.1:5825841",31,57,26
"ATMIN","s329_S_LS_02_ASEReadCounter.table","NW_015090842.1:5825895",35,68,33
"ATMIN","s329_S_LS_02_ASEReadCounter.table","NW_015090842.1:5825984",26,59,33
"ATMIN","s329_S_LS_02_ASEReadCounter.table","NW_015090842.1:5826162",28,65,37
"ATMIN","s329_S_LS_02_ASEReadCounter.table","NW_015090842.1:5826194",33,74,41
"ATMIN","s329_S_LS_02_ASEReadCounter.table","NW_015090842.1:5826235",45,90,45
"ATMIN","s329_S_LS_02_ASEReadCounter.table","NW_015090842.1:5826245",44,87,43
"ATMIN","s329_S_LS_02_ASEReadCounter.table","NW_015090842.1:5826335",22,45,23
"ATMIN","s329_S_LS_02_ASEReadCounter.table","NW_015090842.1:5826417",29,56,27
"ATMIN","s329_S_LS_02_ASEReadCounter.table","NW_015090842.1:5826431",18,62,44
"ATMIN","s329_S_LS_02_ASEReadCounter.table","NW_015090842.1:5826438",22,54,32
"ATMIN","s329_S_LS_02_ASEReadCounter.table","NW_015090842.1:5826463",30,75,45
"ATMIN","s329_S_LS_02_ASEReadCounter.table","NW_015090842.1:5826502",33,79,46
"ATMIN","s329_S_LS_02_ASEReadCounter.table","NW_015090842.1:5826511",33,85,52
"ATMIN","s329_S_LS_02_ASEReadCounter.table","NW_015090842.1:5826659",36,74,38
"ATMIN","s329_S_LS_02_ASEReadCounter.table","NW_015090842.1:5826701",34,85,51
"ATMIN","s329_S_LS_02_ASEReadCounter.table","NW_015090842.1:5826702",34,85,51
"ATMIN","s329_S_LS_02_ASEReadCounter.table","NW_015090842.1:5826732",36,88,52
"ATMIN","s329_S_LS_02_ASEReadCounter.table","NW_015090842.1:5826745",45,95,50
"ATMIN","s329_S_LS_02_ASEReadCounter.table","NW_015090842.1:5826835",49,104,55
"ATMIN","s329_S_LS_02_ASEReadCounter.table","NW_015090842.1:5826910",42,97,55
"ATMIN","s329_S_LS_02_ASEReadCounter.table","NW_015090842.1:5826942",35,102,67
"ATMIN","s329_S_LS_02_ASEReadCounter.table","NW_015090842.1:5827193",58,128,70
"ATMIN","s329_S_LS_02_ASEReadCounter.table","NW_015090842.1:5827196",58,128,70
"ATMIN","s329_S_LS_02_ASEReadCounter.table","NW_015090842.1:5827269",52,128,76
"ATMIN","s329_S_LS_02_ASEReadCounter.table","NW_015090842.1:5827315",46,107,61
"ATMIN","s329_S_LS_02_ASEReadCounter.table","NW_015090842.1:5827316",47,114,67
"ATMIN","s329_S_LS_02_ASEReadCounter.table","NW_015090842.1:5827333",50,115,65
"PPP1R3E","s329_S_LS_02_ASEReadCounter.table","NW_015090842.1:5837733",5,6,1
"PPP1R3E","s329_S_LS_02_ASEReadCounter.table","NW_015090842.1:5837947",5,12,7
"PKD1L2","s329_S_LS_02_ASEReadCounter.table","NW_015090842.1:5867509",1,1,0
"PKD1L2","s329_S_LS_02_ASEReadCounter.table","NW_015090842.1:5867597",1,1,0
"PKD1L2","s329_S_LS_02_ASEReadCounter.table","NW_015090842.1:5867788",0,1,1
"PKD1L2","s329_S_LS_02_ASEReadCounter.table","NW_015090842.1:5867843",0,1,1
"BCO1","s329_S_LS_02_ASEReadCounter.table","NW_015090842.1:5915610",1,2,1
"BCO1","s329_S_LS_02_ASEReadCounter.table","NW_015090842.1:5915646",2,2,0
"BCO1","s329_S_LS_02_ASEReadCounter.table","NW_015090842.1:5917836",3,3,0
"BCO1","s329_S_LS_02_ASEReadCounter.table","NW_015090842.1:5917912",2,3,1
"BCO1","s329_S_LS_02_ASEReadCounter.table","NW_015090842.1:5917941",4,4,0
"BCO1","s329_S_LS_02_ASEReadCounter.table","NW_015090842.1:5917971",4,4,0
"BCO1","s329_S_LS_02_ASEReadCounter.table","NW_015090842.1:5921679",3,5,2
"BCO1","s329_S_LS_02_ASEReadCounter.table","NW_015090842.1:5921726",3,6,3
"BCO1","s329_S_LS_02_ASEReadCounter.table","NW_015090842.1:5925669",3,6,3
"BCO1","s329_S_LS_02_ASEReadCounter.table","NW_015090842.1:5925753",3,5,2
"BCO1","s329_S_LS_02_ASEReadCounter.table","NW_015090842.1:5926937",0,1,1
"BCO1","s329_S_LS_02_ASEReadCounter.table","NW_015090842.1:5927921",2,5,3
"BCO1","s329_S_LS_02_ASEReadCounter.table","NW_015090842.1:5927948",1,2,1
"BCO1","s329_S_LS_02_ASEReadCounter.table","NW_015090842.1:5927968",1,1,0
"BCO1","s329_S_LS_02_ASEReadCounter.table","NW_015090842.1:5928052",2,4,2
"BCO1","s329_S_LS_02_ASEReadCounter.table","NW_015090842.1:5932726",7,11,4
"BCO1","s329_S_LS_02_ASEReadCounter.table","NW_015090842.1:5932801",7,9,2
"BCO1","s329_S_LS_02_ASEReadCounter.table","NW_015090842.1:5934558",16,19,3
"BCO1","s329_S_LS_02_ASEReadCounter.table","NW_015090842.1:5934575",17,21,4
"BCO1","s329_S_LS_02_ASEReadCounter.table","NW_015090842.1:5934608",15,19,4
"BCO1","s329_S_LS_02_ASEReadCounter.table","NW_015090842.1:5934647",14,20,6
"BCO1","s329_S_LS_02_ASEReadCounter.table","NW_015090842.1:5934725",12,19,7
"BCO1","s329_S_LS_02_ASEReadCounter.table","NW_015090842.1:5934726",12,18,6
"BCO1","s329_S_LS_02_ASEReadCounter.table","NW_015090842.1:5934733",10,15,5
"BCO1","s329_S_LS_02_ASEReadCounter.table","NW_015090842.1:5934821",6,12,6
"BCO1","s329_S_LS_02_ASEReadCounter.table","NW_015090842.1:5934826",6,11,5
"BCO1","s329_S_LS_02_ASEReadCounter.table","NW_015090842.1:5934844",6,10,4
"BCO1","s329_S_LS_02_ASEReadCounter.table","NW_015090842.1:5934958",16,19,3
"BCO1","s329_S_LS_02_ASEReadCounter.table","NW_015090842.1:5934976",14,18,4
"GAN","s329_S_LS_02_ASEReadCounter.table","NW_015090842.1:5953759",7,14,7
"GAN","s329_S_LS_02_ASEReadCounter.table","NW_015090842.1:5957502",13,27,14
"GAN","s329_S_LS_02_ASEReadCounter.table","NW_015090842.1:5957578",10,26,16
"GAN","s329_S_LS_02_ASEReadCounter.table","NW_015090842.1:5965028",16,32,16
"GAN","s329_S_LS_02_ASEReadCounter.table","NW_015090842.1:5966047",20,45,25
"GAN","s329_S_LS_02_ASEReadCounter.table","NW_015090842.1:5966126",13,44,31
"GAN","s329_S_LS_02_ASEReadCounter.table","NW_015090842.1:5966127",13,44,31
"GAN","s329_S_LS_02_ASEReadCounter.table","NW_015090842.1:5966162",19,55,36
"GAN","s329_S_LS_02_ASEReadCounter.table","NW_015090842.1:5966483",54,115,61
"CMIP","s329_S_LS_02_ASEReadCounter.table","NW_015090842.1:6109159",23,40,17
"CMIP","s329_S_LS_02_ASEReadCounter.table","NW_015090842.1:6109166",22,38,16
"CMIP","s329_S_LS_02_ASEReadCounter.table","NW_015090842.1:6114641",18,40,22
"CMIP","s329_S_LS_02_ASEReadCounter.table","NW_015090842.1:6114751",15,31,16
"CMIP","s329_S_LS_02_ASEReadCounter.table","NW_015090842.1:6114824",18,40,22
"CMIP","s329_S_LS_02_ASEReadCounter.table","NW_015090842.1:6128998",42,70,28
"CMIP","s329_S_LS_02_ASEReadCounter.table","NW_015090842.1:6130562",65,131,66
"CMIP","s329_S_LS_02_ASEReadCounter.table","NW_015090842.1:6132522",41,105,64
"CMIP","s329_S_LS_02_ASEReadCounter.table","NW_015090842.1:6134088",41,110,69
"CMIP","s329_S_LS_02_ASEReadCounter.table","NW_015090842.1:6138265",96,251,155
"CMIP","s329_S_LS_02_ASEReadCounter.table","NW_015090842.1:6138300",102,260,158
"CMIP","s329_S_LS_02_ASEReadCounter.table","NW_015090842.1:6138342",77,199,122
"CMIP","s329_S_LS_02_ASEReadCounter.table","NW_015090842.1:6138343",76,197,121
"CMIP","s329_S_LS_02_ASEReadCounter.table","NW_015090842.1:6138345",78,197,119
"CMIP","s329_S_LS_02_ASEReadCounter.table","NW_015090842.1:6138647",68,140,72
"CMIP","s329_S_LS_02_ASEReadCounter.table","NW_015090842.1:6138745",59,124,65
"CMIP","s329_S_LS_02_ASEReadCounter.table","NW_015090842.1:6138832",18,61,43
"CMIP","s329_S_LS_02_ASEReadCounter.table","NW_015090842.1:6138967",53,130,77
"CMIP","s329_S_LS_02_ASEReadCounter.table","NW_015090842.1:6139131",27,68,41
"CMIP","s329_S_LS_02_ASEReadCounter.table","NW_015090842.1:6139163",11,51,40
"CMIP","s329_S_LS_02_ASEReadCounter.table","NW_015090842.1:6139360",37,64,27
"CMIP","s329_S_LS_02_ASEReadCounter.table","NW_015090842.1:6139572",20,43,23
"CMIP","s329_S_LS_02_ASEReadCounter.table","NW_015090842.1:6139773",75,75,0
"PLCG2","s329_S_LS_02_ASEReadCounter.table","NW_015090842.1:6179613",4,5,1
"PLCG2","s329_S_LS_02_ASEReadCounter.table","NW_015090842.1:6179658",5,6,1
"PLCG2","s329_S_LS_02_ASEReadCounter.table","NW_015090842.1:6203766",1,2,1
"PLCG2","s329_S_LS_02_ASEReadCounter.table","NW_015090842.1:6203775",1,1,0
"PLCG2","s329_S_LS_02_ASEReadCounter.table","NW_015090842.1:6203787",1,1,0
"PLCG2","s329_S_LS_02_ASEReadCounter.table","NW_015090842.1:6205047",0,3,3
"PLCG2","s329_S_LS_02_ASEReadCounter.table","NW_015090842.1:6208541",0,3,3
"PLCG2","s329_S_LS_02_ASEReadCounter.table","NW_015090842.1:6209741",0,1,1
"PLCG2","s329_S_LS_02_ASEReadCounter.table","NW_015090842.1:6217547",0,3,3
"PLCG2","s329_S_LS_02_ASEReadCounter.table","NW_015090842.1:6218641",0,1,1
"PLCG2","s329_S_LS_02_ASEReadCounter.table","NW_015090842.1:6220552",0,2,2
"PLCG2","s329_S_LS_02_ASEReadCounter.table","NW_015090842.1:6221969",2,4,2
"PLCG2","s329_S_LS_02_ASEReadCounter.table","NW_015090842.1:6228672",0,3,3
"PLCG2","s329_S_LS_02_ASEReadCounter.table","NW_015090842.1:6228694",0,2,2
"PLCG2","s329_S_LS_02_ASEReadCounter.table","NW_015090842.1:6228722",0,2,2
"PLCG2","s329_S_LS_02_ASEReadCounter.table","NW_015090842.1:6228747",0,4,4
"PLCG2","s329_S_LS_02_ASEReadCounter.table","NW_015090842.1:6228835",0,2,2
"PLCG2","s329_S_LS_02_ASEReadCounter.table","NW_015090842.1:6228841",0,2,2
"PLCG2","s329_S_LS_02_ASEReadCounter.table","NW_015090842.1:6228865",0,3,3
"PLCG2","s329_S_LS_02_ASEReadCounter.table","NW_015090842.1:6228917",0,3,3
"PLCG2","s329_S_LS_02_ASEReadCounter.table","NW_015090842.1:6228926",0,4,4
"PLCG2","s329_S_LS_02_ASEReadCounter.table","NW_015090842.1:6228954",0,3,3
"PLCG2","s329_S_LS_02_ASEReadCounter.table","NW_015090842.1:6229002",1,4,3
"PLCG2","s329_S_LS_02_ASEReadCounter.table","NW_015090842.1:6229006",1,4,3
"PLCG2","s329_S_LS_02_ASEReadCounter.table","NW_015090842.1:6229081",0,3,3
"PLCG2","s329_S_LS_02_ASEReadCounter.table","NW_015090842.1:6229097",0,2,2
"PLCG2","s329_S_LS_02_ASEReadCounter.table","NW_015090842.1:6229160",1,3,2
"PLCG2","s329_S_LS_02_ASEReadCounter.table","NW_015090842.1:6229213",1,4,3
"PLCG2","s329_S_LS_02_ASEReadCounter.table","NW_015090842.1:6229231",1,4,3
"PLCG2","s329_S_LS_02_ASEReadCounter.table","NW_015090842.1:6229663",4,4,0
"PLCG2","s329_S_LS_02_ASEReadCounter.table","NW_015090842.1:6229748",3,4,1
"PLCG2","s329_S_LS_02_ASEReadCounter.table","NW_015090842.1:6229892",1,1,0
"PLCG2","s329_S_LS_02_ASEReadCounter.table","NW_015090842.1:6230296",0,1,1
"PLCG2","s329_S_LS_02_ASEReadCounter.table","NW_015090842.1:6230349",1,2,1
"PLCG2","s329_S_LS_02_ASEReadCounter.table","NW_015090842.1:6230381",1,1,0
"PLCG2","s329_S_LS_02_ASEReadCounter.table","NW_015090842.1:6230408",1,1,0
"PLCG2","s329_S_LS_02_ASEReadCounter.table","NW_015090842.1:6230439",1,1,0
"PLCG2","s329_S_LS_02_ASEReadCounter.table","NW_015090842.1:6230757",4,4,0
"PLCG2","s329_S_LS_02_ASEReadCounter.table","NW_015090842.1:6230758",3,3,0
"PLCG2","s329_S_LS_02_ASEReadCounter.table","NW_015090842.1:6230898",4,4,0
"PLCG2","s329_S_LS_02_ASEReadCounter.table","NW_015090842.1:6230976",2,3,1
"PLCG2","s329_S_LS_02_ASEReadCounter.table","NW_015090842.1:6231078",3,3,0
"PLCG2","s329_S_LS_02_ASEReadCounter.table","NW_015090842.1:6231138",2,3,1
"PLCG2","s329_S_LS_02_ASEReadCounter.table","NW_015090842.1:6231177",2,2,0
"PLCG2","s329_S_LS_02_ASEReadCounter.table","NW_015090842.1:6231263",1,2,1
"PLCG2","s329_S_LS_02_ASEReadCounter.table","NW_015090842.1:6231309",0,1,1
"SDR42E1","s329_S_LS_02_ASEReadCounter.table","NW_015090842.1:6235292",2,7,5
"SDR42E1","s329_S_LS_02_ASEReadCounter.table","NW_015090842.1:6235315",2,5,3
"SDR42E1","s329_S_LS_02_ASEReadCounter.table","NW_015090842.1:6235348",5,12,7
"SDR42E1","s329_S_LS_02_ASEReadCounter.table","NW_015090842.1:6235355",5,13,8
"SDR42E1","s329_S_LS_02_ASEReadCounter.table","NW_015090842.1:6235417",5,15,10
"SDR42E1","s329_S_LS_02_ASEReadCounter.table","NW_015090842.1:6235526",10,10,0
"SDR42E1","s329_S_LS_02_ASEReadCounter.table","NW_015090842.1:6235558",0,10,10
"SDR42E1","s329_S_LS_02_ASEReadCounter.table","NW_015090842.1:6235603",13,17,4
"SDR42E1","s329_S_LS_02_ASEReadCounter.table","NW_015090842.1:6235741",3,16,13
"SDR42E1","s329_S_LS_02_ASEReadCounter.table","NW_015090842.1:6235777",2,13,11
"SDR42E1","s329_S_LS_02_ASEReadCounter.table","NW_015090842.1:6235806",2,14,12
"SDR42E1","s329_S_LS_02_ASEReadCounter.table","NW_015090842.1:6235809",2,15,13
"SDR42E1","s329_S_LS_02_ASEReadCounter.table","NW_015090842.1:6235816",2,14,12
"SDR42E1","s329_S_LS_02_ASEReadCounter.table","NW_015090842.1:6235914",0,5,5
"SDR42E1","s329_S_LS_02_ASEReadCounter.table","NW_015090842.1:6235935",0,7,7
"SDR42E1","s329_S_LS_02_ASEReadCounter.table","NW_015090842.1:6235957",1,8,7
"SDR42E1","s329_S_LS_02_ASEReadCounter.table","NW_015090842.1:6236040",1,8,7
"SDR42E1","s329_S_LS_02_ASEReadCounter.table","NW_015090842.1:6236260",4,6,2
"SDR42E1","s329_S_LS_02_ASEReadCounter.table","NW_015090842.1:6236281",3,4,1
"SDR42E1","s329_S_LS_02_ASEReadCounter.table","NW_015090842.1:6236305",1,4,3
"SDR42E1","s329_S_LS_02_ASEReadCounter.table","NW_015090842.1:6236458",7,10,3
"SDR42E1","s329_S_LS_02_ASEReadCounter.table","NW_015090842.1:6236476",7,11,4
"SDR42E1","s329_S_LS_02_ASEReadCounter.table","NW_015090842.1:6236608",2,7,5
"SDR42E1","s329_S_LS_02_ASEReadCounter.table","NW_015090842.1:6238244",0,4,4
"SDR42E1","s329_S_LS_02_ASEReadCounter.table","NW_015090842.1:6238829",1,2,1
"HSD17B2","s329_S_LS_02_ASEReadCounter.table","NW_015090842.1:6267273",0,1,1
"HSD17B2","s329_S_LS_02_ASEReadCounter.table","NW_015090842.1:6267358",0,1,1
"HSD17B2","s329_S_LS_02_ASEReadCounter.table","NW_015090842.1:6267674",0,1,1
"HSD17B2","s329_S_LS_02_ASEReadCounter.table","NW_015090842.1:6267913",0,1,1
"HSD17B2","s329_S_LS_02_ASEReadCounter.table","NW_015090842.1:6268098",0,1,1
"HSD17B2","s329_S_LS_02_ASEReadCounter.table","NW_015090842.1:6268203",1,1,0
"ARY2","s329_S_LS_02_ASEReadCounter.table","NW_015090842.1:6303922",25,30,5
"ARY2","s329_S_LS_02_ASEReadCounter.table","NW_015090842.1:6303954",26,33,7
"ARY2","s329_S_LS_02_ASEReadCounter.table","NW_015090842.1:6303979",27,35,8
"ARY2","s329_S_LS_02_ASEReadCounter.table","NW_015090842.1:6305848",11,18,7
"ARY2","s329_S_LS_02_ASEReadCounter.table","NW_015090842.1:6305856",8,15,7
"ARY2","s329_S_LS_02_ASEReadCounter.table","NW_015090842.1:6305857",8,15,7
"ARY2","s329_S_LS_02_ASEReadCounter.table","NW_015090842.1:6306017",17,25,8
"ARY2","s329_S_LS_02_ASEReadCounter.table","NW_015090842.1:6306052",18,30,12
"ARY2","s329_S_LS_02_ASEReadCounter.table","NW_015090842.1:6306094",24,39,15
"ARY2","s329_S_LS_02_ASEReadCounter.table","NW_015090842.1:6306100",24,39,15
"ARY2","s329_S_LS_02_ASEReadCounter.table","NW_015090842.1:6306146",22,34,12
"ARY2","s329_S_LS_02_ASEReadCounter.table","NW_015090842.1:6306147",23,34,11
"ARY2","s329_S_LS_02_ASEReadCounter.table","NW_015090842.1:6306390",27,44,17
"ARY2","s329_S_LS_02_ASEReadCounter.table","NW_015090842.1:6306567",21,31,10
"ARY2","s329_S_LS_02_ASEReadCounter.table","NW_015090842.1:6306705",28,33,5
"ARY2","s329_S_LS_02_ASEReadCounter.table","NW_015090842.1:6306713",4,34,30
"ARY2","s329_S_LS_02_ASEReadCounter.table","NW_015090842.1:6306773",23,28,5
"ARY2","s329_S_LS_02_ASEReadCounter.table","NW_015090842.1:6307039",34,41,7
"ARY2","s329_S_LS_02_ASEReadCounter.table","NW_015090842.1:6307043",36,42,6
"ARY2","s329_S_LS_02_ASEReadCounter.table","NW_015090842.1:6307093",36,44,8
"ARY2","s329_S_LS_02_ASEReadCounter.table","NW_015090842.1:6307138",32,39,7
"ARY2","s329_S_LS_02_ASEReadCounter.table","NW_015090842.1:6307157",31,37,6
"ARY2","s329_S_LS_02_ASEReadCounter.table","NW_015090842.1:6307187",32,38,6
"ARY2","s329_S_LS_02_ASEReadCounter.table","NW_015090842.1:6307278",24,33,9
"ARY2","s329_S_LS_02_ASEReadCounter.table","NW_015090842.1:6307305",28,37,9
"ARY2","s329_S_LS_02_ASEReadCounter.table","NW_015090842.1:6307318",34,42,8
"ARY2","s329_S_LS_02_ASEReadCounter.table","NW_015090842.1:6307429",35,48,13
"ARY2","s329_S_LS_02_ASEReadCounter.table","NW_015090842.1:6307487",25,41,16
"ARY2","s329_S_LS_02_ASEReadCounter.table","NW_015090842.1:6307670",23,32,9
"ARYL","s329_S_LS_02_ASEReadCounter.table","NW_015090842.1:6313360",3,6,3
"ARYL","s329_S_LS_02_ASEReadCounter.table","NW_015090842.1:6313377",2,5,3
"ARYL","s329_S_LS_02_ASEReadCounter.table","NW_015090842.1:6313767",2,3,1
"ARY1","s329_S_LS_02_ASEReadCounter.table","NW_015090842.1:6313909",2,4,2
"ARY1","s329_S_LS_02_ASEReadCounter.table","NW_015090842.1:6314296",6,15,9
"ARY1","s329_S_LS_02_ASEReadCounter.table","NW_015090842.1:6314541",5,6,1
"ARY1","s329_S_LS_02_ASEReadCounter.table","NW_015090842.1:6314597",6,7,1
"ARY1","s329_S_LS_02_ASEReadCounter.table","NW_015090842.1:6314750",4,5,1
"ARY1","s329_S_LS_02_ASEReadCounter.table","NW_015090842.1:6314794",1,3,2
"ARY1","s329_S_LS_02_ASEReadCounter.table","NW_015090842.1:6314827",1,3,2
"ARY1","s329_S_LS_02_ASEReadCounter.table","NW_015090842.1:6314843",4,6,2
"ARY1","s329_S_LS_02_ASEReadCounter.table","NW_015090842.1:6314859",4,6,2
"ARY1","s329_S_LS_02_ASEReadCounter.table","NW_015090842.1:6314886",5,6,1
"ARY1","s329_S_LS_02_ASEReadCounter.table","NW_015090842.1:6314943",0,2,2
"ARY1","s329_S_LS_02_ASEReadCounter.table","NW_015090842.1:6314949",3,3,0
"ARY1","s329_S_LS_02_ASEReadCounter.table","NW_015090842.1:6315022",5,7,2
"ARY1","s329_S_LS_02_ASEReadCounter.table","NW_015090842.1:6315026",5,7,2
"ARY1","s329_S_LS_02_ASEReadCounter.table","NW_015090842.1:6315043",5,7,2
"ARY1","s329_S_LS_02_ASEReadCounter.table","NW_015090842.1:6315065",5,6,1
"ARY1","s329_S_LS_02_ASEReadCounter.table","NW_015090842.1:6315409",5,7,2
"ARY1","s329_S_LS_02_ASEReadCounter.table","NW_015090842.1:6315479",4,8,4
"ARY1","s329_S_LS_02_ASEReadCounter.table","NW_015090842.1:6318342",8,15,7
"ARY1","s329_S_LS_02_ASEReadCounter.table","NW_015090842.1:6318427",19,29,10
"ARY1","s329_S_LS_02_ASEReadCounter.table","NW_015090842.1:6318603",11,17,6
"ARY1","s329_S_LS_02_ASEReadCounter.table","NW_015090842.1:6318708",14,19,5
"ARY1","s329_S_LS_02_ASEReadCounter.table","NW_015090842.1:6318858",12,17,5
"ARY1","s329_S_LS_02_ASEReadCounter.table","NW_015090842.1:6318952",10,18,8
"MPHOSPH6","s329_S_LS_02_ASEReadCounter.table","NW_015090842.1:6324063",42,99,57
"MPHOSPH6","s329_S_LS_02_ASEReadCounter.table","NW_015090842.1:6324174",81,197,116
"MPHOSPH6","s329_S_LS_02_ASEReadCounter.table","NW_015090842.1:6324270",110,240,130
"MPHOSPH6","s329_S_LS_02_ASEReadCounter.table","NW_015090842.1:6324762",76,160,84
"MPHOSPH6","s329_S_LS_02_ASEReadCounter.table","NW_015090842.1:6324772",79,149,70
"MPHOSPH6","s329_S_LS_02_ASEReadCounter.table","NW_015090842.1:6324780",75,143,68
"MPHOSPH6","s329_S_LS_02_ASEReadCounter.table","NW_015090842.1:6324902",64,153,89
"MPHOSPH6","s329_S_LS_02_ASEReadCounter.table","NW_015090842.1:6324910",90,163,73
"MPHOSPH6","s329_S_LS_02_ASEReadCounter.table","NW_015090842.1:6325066",64,158,94
"MPHOSPH6","s329_S_LS_02_ASEReadCounter.table","NW_015090842.1:6325089",78,187,109
"MPHOSPH6","s329_S_LS_02_ASEReadCounter.table","NW_015090842.1:6325298",88,188,100
"MPHOSPH6","s329_S_LS_02_ASEReadCounter.table","NW_015090842.1:6325877",83,180,97
"MPHOSPH6","s329_S_LS_02_ASEReadCounter.table","NW_015090842.1:6326976",63,128,65
"CDH13","s329_S_LS_02_ASEReadCounter.table","NW_015090842.1:6662283",12,22,10
"CDH13","s329_S_LS_02_ASEReadCounter.table","NW_015090842.1:6693665",13,20,7
"CDH13","s329_S_LS_02_ASEReadCounter.table","NW_015090842.1:6693697",11,18,7
"CDH13","s329_S_LS_02_ASEReadCounter.table","NW_015090842.1:6693712",11,17,6
"CDH13","s329_S_LS_02_ASEReadCounter.table","NW_015090842.1:6693723",11,19,8
"CDH13","s329_S_LS_02_ASEReadCounter.table","NW_015090842.1:6693738",0,19,19
"CDH13","s329_S_LS_02_ASEReadCounter.table","NW_015090842.1:6823730",9,18,9
"CDH13","s329_S_LS_02_ASEReadCounter.table","NW_015090842.1:6889713",17,30,13
"CDH13","s329_S_LS_02_ASEReadCounter.table","NW_015090842.1:6955167",20,45,25
"MLYCD","s329_S_LS_02_ASEReadCounter.table","NW_015090842.1:7150054",65,128,63
"MLYCD","s329_S_LS_02_ASEReadCounter.table","NW_015090842.1:7150131",92,199,107
"MLYCD","s329_S_LS_02_ASEReadCounter.table","NW_015090842.1:7150585",69,120,51
"MLYCD","s329_S_LS_02_ASEReadCounter.table","NW_015090842.1:7150686",60,110,50
"MLYCD","s329_S_LS_02_ASEReadCounter.table","NW_015090842.1:7150696",67,120,53
"MLYCD","s329_S_LS_02_ASEReadCounter.table","NW_015090842.1:7150698",118,118,0
"MLYCD","s329_S_LS_02_ASEReadCounter.table","NW_015090842.1:7150869",53,98,45
"MLYCD","s329_S_LS_02_ASEReadCounter.table","NW_015090842.1:7151100",47,101,54
"MLYCD","s329_S_LS_02_ASEReadCounter.table","NW_015090842.1:7151127",52,101,49
"MLYCD","s329_S_LS_02_ASEReadCounter.table","NW_015090842.1:7157538",39,74,35
"MLYCD","s329_S_LS_02_ASEReadCounter.table","NW_015090842.1:7167662",16,33,17
"MLYCD","s329_S_LS_02_ASEReadCounter.table","NW_015090842.1:7167675",16,34,18
"MLYCD","s329_S_LS_02_ASEReadCounter.table","NW_015090842.1:7167710",15,36,21
"MLYCD","s329_S_LS_02_ASEReadCounter.table","NW_015090842.1:7167781",9,20,11
"MLYCD","s329_S_LS_02_ASEReadCounter.table","NW_015090842.1:7167803",6,14,8
"MLYCD","s329_S_LS_02_ASEReadCounter.table","NW_015090842.1:7167812",7,15,8
"MLYCD","s329_S_LS_02_ASEReadCounter.table","NW_015090842.1:7167845",12,23,11
"MLYCD","s329_S_LS_02_ASEReadCounter.table","NW_015090842.1:7167862",10,25,15
"MLYCD","s329_S_LS_02_ASEReadCounter.table","NW_015090842.1:7167929",9,19,10
"MLYCD","s329_S_LS_02_ASEReadCounter.table","NW_015090842.1:7167995",7,13,6
"MLYCD","s329_S_LS_02_ASEReadCounter.table","NW_015090842.1:7168005",7,13,6
"MLYCD","s329_S_LS_02_ASEReadCounter.table","NW_015090842.1:7168037",4,11,7
"HSBP1","s329_S_LS_02_ASEReadCounter.table","NW_015090842.1:7245192",485,887,402
"HSBP1","s329_S_LS_02_ASEReadCounter.table","NW_015090842.1:7245226",536,995,459
"HSBP1","s329_S_LS_02_ASEReadCounter.table","NW_015090842.1:7245257",489,911,422
"HSBP1","s329_S_LS_02_ASEReadCounter.table","NW_015090842.1:7245296",463,914,451
"HSBP1","s329_S_LS_02_ASEReadCounter.table","NW_015090842.1:7245389",569,1065,496
"HSBP1","s329_S_LS_02_ASEReadCounter.table","NW_015090842.1:7245400",599,1033,434
"HSBP1","s329_S_LS_02_ASEReadCounter.table","NW_015090842.1:7245445",575,1017,442
"HSBP1","s329_S_LS_02_ASEReadCounter.table","NW_015090842.1:7245495",509,939,430
"HSBP1","s329_S_LS_02_ASEReadCounter.table","NW_015090842.1:7245515",587,1064,477
"HSBP1","s329_S_LS_02_ASEReadCounter.table","NW_015090842.1:7245733",360,668,308
"HSBP1","s329_S_LS_02_ASEReadCounter.table","NW_015090842.1:7245771",422,714,292
"HSBP1","s329_S_LS_02_ASEReadCounter.table","NW_015090842.1:7245813",399,700,301
"HSBP1","s329_S_LS_02_ASEReadCounter.table","NW_015090842.1:7245926",454,789,335
"HSBP1","s329_S_LS_02_ASEReadCounter.table","NW_015090842.1:7245927",448,786,338
"HSBP1","s329_S_LS_02_ASEReadCounter.table","NW_015090842.1:7245933",450,773,323
"HSBP1","s329_S_LS_02_ASEReadCounter.table","NW_015090842.1:7246002",314,579,265
"HSBP1","s329_S_LS_02_ASEReadCounter.table","NW_015090842.1:7246094",405,729,324
"HSBP1","s329_S_LS_02_ASEReadCounter.table","NW_015090842.1:7246167",409,689,280
"HSBP1","s329_S_LS_02_ASEReadCounter.table","NW_015090842.1:7246183",406,699,293
"HSBP1","s329_S_LS_02_ASEReadCounter.table","NW_015090842.1:7247285",55,64,9
"HSBP1","s329_S_LS_02_ASEReadCounter.table","NW_015090842.1:7247651",448,868,420
"HSBP1","s329_S_LS_02_ASEReadCounter.table","NW_015090842.1:7247657",447,876,429
"HSBP1","s329_S_LS_02_ASEReadCounter.table","NW_015090842.1:7248520",295,581,286
"HSBP1","s329_S_LS_02_ASEReadCounter.table","NW_015090842.1:7248535",239,475,236
"KCNG4","s329_S_LS_02_ASEReadCounter.table","NW_015090842.1:7282481",0,1,1
"KCNG4","s329_S_LS_02_ASEReadCounter.table","NW_015090842.1:7282500",0,1,1
"KCNG4","s329_S_LS_02_ASEReadCounter.table","NW_015090842.1:7282542",0,1,1
"KCNG4","s329_S_LS_02_ASEReadCounter.table","NW_015090842.1:7282579",2,2,0
"KCNG4","s329_S_LS_02_ASEReadCounter.table","NW_015090842.1:7282630",2,2,0
"KCNG4","s329_S_LS_02_ASEReadCounter.table","NW_015090842.1:7282760",2,3,1
"WFDC1","s329_S_LS_02_ASEReadCounter.table","NW_015090842.1:7366517",1,1,0
"ATP2C2","s329_S_LS_02_ASEReadCounter.table","NW_015090842.1:7413747",1,6,5
"TLDC1","s329_S_LS_02_ASEReadCounter.table","NW_015090842.1:7421997",27,50,23
"COTL1","s329_S_LS_02_ASEReadCounter.table","NW_015090842.1:7490707",749,1569,820
"COTL1","s329_S_LS_02_ASEReadCounter.table","NW_015090842.1:7490708",751,1574,823
"COTL1","s329_S_LS_02_ASEReadCounter.table","NW_015090842.1:7490711",766,1606,840
"COTL1","s329_S_LS_02_ASEReadCounter.table","NW_015090842.1:7490739",729,1552,823
"COTL1","s329_S_LS_02_ASEReadCounter.table","NW_015090842.1:7490785",695,1509,814
"COTL1","s329_S_LS_02_ASEReadCounter.table","NW_015090842.1:7490820",72,1016,944
"COTL1","s329_S_LS_02_ASEReadCounter.table","NW_015090842.1:7490846",765,1583,818
"COTL1","s329_S_LS_02_ASEReadCounter.table","NW_015090842.1:7505571",3,3,0
"COTL1","s329_S_LS_02_ASEReadCounter.table","NW_015090842.1:7505672",1,1,0
"KLHL36","s329_S_LS_02_ASEReadCounter.table","NW_015090842.1:7526337",57,57,0
"KLHL36","s329_S_LS_02_ASEReadCounter.table","NW_015090842.1:7537681",72,151,79
"USP10","s329_S_LS_02_ASEReadCounter.table","NW_015090842.1:7572213",35,64,29
"USP10","s329_S_LS_02_ASEReadCounter.table","NW_015090842.1:7572358",36,36,0
"CRISPLD2","s329_S_LS_02_ASEReadCounter.table","NW_015090842.1:7619796",2,5,3
"CRISPLD2","s329_S_LS_02_ASEReadCounter.table","NW_015090842.1:7630779",12,12,0
"CRISPLD2","s329_S_LS_02_ASEReadCounter.table","NW_015090842.1:7633611",3,12,9
"CRISPLD2","s329_S_LS_02_ASEReadCounter.table","NW_015090842.1:7633787",4,10,6
"CRISPLD2","s329_S_LS_02_ASEReadCounter.table","NW_015090842.1:7634023",3,5,2
"CRISPLD2","s329_S_LS_02_ASEReadCounter.table","NW_015090842.1:7634620",11,11,0
"CRISPLD2","s329_S_LS_02_ASEReadCounter.table","NW_015090842.1:7636315",1,5,4
"MTHFSD","s329_S_LS_02_ASEReadCounter.table","NW_015090842.1:8152578",12,31,19
"DUSP15","s329_S_LS_02_ASEReadCounter.table","NW_015090842.1:8431988",0,2,2
"EMC8","s329_S_LS_02_ASEReadCounter.table","NW_015090842.1:8452385",27,53,26
"GINS2","s329_S_LS_02_ASEReadCounter.table","NW_015090842.1:8467469",13,29,16
"GINS2","s329_S_LS_02_ASEReadCounter.table","NW_015090842.1:8470290",0,79,79
"GINS2","s329_S_LS_02_ASEReadCounter.table","NW_015090842.1:8470305",0,80,80
"GINS2","s329_S_LS_02_ASEReadCounter.table","NW_015090842.1:8470376",0,79,79
"GINS2","s329_S_LS_02_ASEReadCounter.table","NW_015090842.1:8471057",0,10,10
"GSE1","s329_S_LS_02_ASEReadCounter.table","NW_015090842.1:8483570",1,14,13
"KIAA0513","s329_S_LS_02_ASEReadCounter.table","NW_015090842.1:8674736",60,109,49
"KIAA0513","s329_S_LS_02_ASEReadCounter.table","NW_015090842.1:8693655",7,11,4
"ZCCHC14","s329_S_LS_02_ASEReadCounter.table","NW_015090842.1:8750189",59,91,32
"JPH3","s329_S_LS_02_ASEReadCounter.table","NW_015090842.1:8872294",68,122,54
"KLHDC4","s329_S_LS_02_ASEReadCounter.table","NW_015090842.1:8891175",77,179,102
"KLHDC4","s329_S_LS_02_ASEReadCounter.table","NW_015090842.1:8905251",0,52,52
"KLHDC4","s329_S_LS_02_ASEReadCounter.table","NW_015090842.1:8919630",0,3,3
"SLC7A5","s329_S_LS_02_ASEReadCounter.table","NW_015090842.1:8940382",107,203,96
"SLC7A5","s329_S_LS_02_ASEReadCounter.table","NW_015090842.1:8941818",53,124,71
"SLC7A5","s329_S_LS_02_ASEReadCounter.table","NW_015090842.1:8944655",39,70,31
"CA5A","s329_S_LS_02_ASEReadCounter.table","NW_015090842.1:8989479",60,119,59
"CA5A","s329_S_LS_02_ASEReadCounter.table","NW_015090842.1:8989562",58,130,72
"CA5A","s329_S_LS_02_ASEReadCounter.table","NW_015090842.1:8989609",74,151,77
"CA5A","s329_S_LS_02_ASEReadCounter.table","NW_015090842.1:8989693",94,209,115
"CA5A","s329_S_LS_02_ASEReadCounter.table","NW_015090842.1:8989702",91,198,107
"CA5A","s329_S_LS_02_ASEReadCounter.table","NW_015090842.1:8989746",93,193,100
"CA5A","s329_S_LS_02_ASEReadCounter.table","NW_015090842.1:8989880",81,173,92
"CA5A","s329_S_LS_02_ASEReadCounter.table","NW_015090842.1:8989885",83,181,98
"CA5A","s329_S_LS_02_ASEReadCounter.table","NW_015090842.1:8989929",80,181,101
"CA5A","s329_S_LS_02_ASEReadCounter.table","NW_015090842.1:8990002",80,159,79
"CA5A","s329_S_LS_02_ASEReadCounter.table","NW_015090842.1:8990004",77,157,80
"CA5A","s329_S_LS_02_ASEReadCounter.table","NW_015090842.1:8990005",79,158,79
"CA5A","s329_S_LS_02_ASEReadCounter.table","NW_015090842.1:8990017",71,130,59
"CA5A","s329_S_LS_02_ASEReadCounter.table","NW_015090842.1:8990043",51,97,46
"CA5A","s329_S_LS_02_ASEReadCounter.table","NW_015090842.1:8990080",44,98,54
"CA5A","s329_S_LS_02_ASEReadCounter.table","NW_015090842.1:8990084",44,95,51
"CA5A","s329_S_LS_02_ASEReadCounter.table","NW_015090842.1:8990090",49,101,52
"CA5A","s329_S_LS_02_ASEReadCounter.table","NW_015090842.1:8990095",49,102,53
"CA5A","s329_S_LS_02_ASEReadCounter.table","NW_015090842.1:8990111",48,98,50
"CA5A","s329_S_LS_02_ASEReadCounter.table","NW_015090842.1:8990112",48,95,47
"CA5A","s329_S_LS_02_ASEReadCounter.table","NW_015090842.1:8990115",53,97,44
"CA5A","s329_S_LS_02_ASEReadCounter.table","NW_015090842.1:8990166",60,91,31
"CA5A","s329_S_LS_02_ASEReadCounter.table","NW_015090842.1:8990169",63,94,31
"CA5A","s329_S_LS_02_ASEReadCounter.table","NW_015090842.1:8990222",49,83,34
"CA5A","s329_S_LS_02_ASEReadCounter.table","NW_015090842.1:8990289",58,102,44
"CA5A","s329_S_LS_02_ASEReadCounter.table","NW_015090842.1:8990314",53,97,44
"CA5A","s329_S_LS_02_ASEReadCounter.table","NW_015090842.1:8990361",43,88,45
"CA5A","s329_S_LS_02_ASEReadCounter.table","NW_015090842.1:8990368",44,89,45
"CA5A","s329_S_LS_02_ASEReadCounter.table","NW_015090842.1:8990429",53,100,47
"CA5A","s329_S_LS_02_ASEReadCounter.table","NW_015090842.1:8990466",45,84,39
"CA5A","s329_S_LS_02_ASEReadCounter.table","NW_015090842.1:8990663",40,81,41
"CA5A","s329_S_LS_02_ASEReadCounter.table","NW_015090842.1:8990797",33,65,32
"CA5A","s329_S_LS_02_ASEReadCounter.table","NW_015090842.1:8990836",32,63,31
"CA5A","s329_S_LS_02_ASEReadCounter.table","NW_015090842.1:8990842",33,64,31
"CA5A","s329_S_LS_02_ASEReadCounter.table","NW_015090842.1:8990851",38,68,30
"CA5A","s329_S_LS_02_ASEReadCounter.table","NW_015090842.1:8990918",38,79,41
"CA5A","s329_S_LS_02_ASEReadCounter.table","NW_015090842.1:8990921",38,86,48
"CA5A","s329_S_LS_02_ASEReadCounter.table","NW_015090842.1:8990942",50,96,46
"CA5A","s329_S_LS_02_ASEReadCounter.table","NW_015090842.1:8991001",52,110,58
"CA5A","s329_S_LS_02_ASEReadCounter.table","NW_015090842.1:8991038",41,92,51
"CA5A","s329_S_LS_02_ASEReadCounter.table","NW_015090842.1:8991149",55,88,33
"CA5A","s329_S_LS_02_ASEReadCounter.table","NW_015090842.1:8991176",46,78,32
"CA5A","s329_S_LS_02_ASEReadCounter.table","NW_015090842.1:8991241",46,90,44
"CA5A","s329_S_LS_02_ASEReadCounter.table","NW_015090842.1:8991262",47,89,42
"CA5A","s329_S_LS_02_ASEReadCounter.table","NW_015090842.1:8991316",43,46,3
"CA5A","s329_S_LS_02_ASEReadCounter.table","NW_015090842.1:8991319",43,46,3
"CA5A","s329_S_LS_02_ASEReadCounter.table","NW_015090842.1:8991330",36,37,1
"CA5A","s329_S_LS_02_ASEReadCounter.table","NW_015090842.1:8991334",36,37,1
"CA5A","s329_S_LS_02_ASEReadCounter.table","NW_015090842.1:8991362",39,67,28
"CA5A","s329_S_LS_02_ASEReadCounter.table","NW_015090842.1:8991368",36,65,29
"CA5A","s329_S_LS_02_ASEReadCounter.table","NW_015090842.1:8991390",45,76,31
"CA5A","s329_S_LS_02_ASEReadCounter.table","NW_015090842.1:8991395",44,76,32
"CA5A","s329_S_LS_02_ASEReadCounter.table","NW_015090842.1:8991422",37,76,39
"CA5A","s329_S_LS_02_ASEReadCounter.table","NW_015090842.1:8991467",33,63,30
"CA5A","s329_S_LS_02_ASEReadCounter.table","NW_015090842.1:8991576",18,44,26
"CA5A","s329_S_LS_02_ASEReadCounter.table","NW_015090842.1:8991587",24,52,28
"CA5A","s329_S_LS_02_ASEReadCounter.table","NW_015090842.1:8991655",33,54,21
"CA5A","s329_S_LS_02_ASEReadCounter.table","NW_015090842.1:8991717",32,58,26
"CA5A","s329_S_LS_02_ASEReadCounter.table","NW_015090842.1:8991726",37,60,23
"CA5A","s329_S_LS_02_ASEReadCounter.table","NW_015090842.1:8991799",26,41,15
"CA5A","s329_S_LS_02_ASEReadCounter.table","NW_015090842.1:8991809",24,41,17
"CA5A","s329_S_LS_02_ASEReadCounter.table","NW_015090842.1:8991848",26,45,19
"CA5A","s329_S_LS_02_ASEReadCounter.table","NW_015090842.1:8991849",26,46,20
"CA5A","s329_S_LS_02_ASEReadCounter.table","NW_015090842.1:8991927",33,62,29
"CA5A","s329_S_LS_02_ASEReadCounter.table","NW_015090842.1:8991941",34,62,28
"CA5A","s329_S_LS_02_ASEReadCounter.table","NW_015090842.1:8992121",19,45,26
"CA5A","s329_S_LS_02_ASEReadCounter.table","NW_015090842.1:8992224",29,43,14
"CA5A","s329_S_LS_02_ASEReadCounter.table","NW_015090842.1:9002570",12,26,14
"CA5A","s329_S_LS_02_ASEReadCounter.table","NW_015090842.1:9002600",12,26,14
"CA5A","s329_S_LS_02_ASEReadCounter.table","NW_015090842.1:9004312",8,17,9
"CA5A","s329_S_LS_02_ASEReadCounter.table","NW_015090842.1:9004506",2,2,0
"CA5A","s329_S_LS_02_ASEReadCounter.table","NW_015090842.1:9004523",3,3,0
"CA5A","s329_S_LS_02_ASEReadCounter.table","NW_015090842.1:9004530",3,3,0
"CA5A","s329_S_LS_02_ASEReadCounter.table","NW_015090842.1:9004556",3,3,0
"BANP","s329_S_LS_02_ASEReadCounter.table","NW_015090842.1:9033407",5,7,2
"BANP","s329_S_LS_02_ASEReadCounter.table","NW_015090842.1:9033409",5,7,2
"BANP","s329_S_LS_02_ASEReadCounter.table","NW_015090842.1:9033420",6,9,3
"BANP","s329_S_LS_02_ASEReadCounter.table","NW_015090842.1:9055284",0,9,9
"ZC3H18","s329_S_LS_02_ASEReadCounter.table","NW_015090842.1:9528933",26,53,27
"MVD","s329_S_LS_02_ASEReadCounter.table","NW_015090842.1:9550690",39,57,18
"MVD","s329_S_LS_02_ASEReadCounter.table","NW_015090842.1:9550691",39,57,18
"MVD","s329_S_LS_02_ASEReadCounter.table","NW_015090842.1:9550699",45,64,19
"MVD","s329_S_LS_02_ASEReadCounter.table","NW_015090842.1:9550701",44,63,19
"MVD","s329_S_LS_02_ASEReadCounter.table","NW_015090842.1:9552202",40,87,47
"MVD","s329_S_LS_02_ASEReadCounter.table","NW_015090842.1:9552223",39,74,35
"MVD","s329_S_LS_02_ASEReadCounter.table","NW_015090842.1:9552533",34,50,16
"MVD","s329_S_LS_02_ASEReadCounter.table","NW_015090842.1:9552644",0,42,42
"PIEZO1","s329_S_LS_02_ASEReadCounter.table","NW_015090842.1:9577447",1,3,2
"PIEZO1","s329_S_LS_02_ASEReadCounter.table","NW_015090842.1:9579101",0,2,2
"PIEZO1","s329_S_LS_02_ASEReadCounter.table","NW_015090842.1:9582630",3,6,3
"PIEZO1","s329_S_LS_02_ASEReadCounter.table","NW_015090842.1:9582976",3,5,2
"PIEZO1","s329_S_LS_02_ASEReadCounter.table","NW_015090842.1:9583326",0,3,3
"CDT1","s329_S_LS_02_ASEReadCounter.table","NW_015090842.1:9596711",2,2,0
"CDT1","s329_S_LS_02_ASEReadCounter.table","NW_015090842.1:9597033",5,7,2
"CDT1","s329_S_LS_02_ASEReadCounter.table","NW_015090842.1:9597756",1,7,6
"CDT1","s329_S_LS_02_ASEReadCounter.table","NW_015090842.1:9598873",6,14,8
"ACSF3","s329_S_LS_02_ASEReadCounter.table","NW_015090842.1:9776737",6,11,5
"ACSF3","s329_S_LS_02_ASEReadCounter.table","NW_015090842.1:9809639",30,64,34
"ACSF3","s329_S_LS_02_ASEReadCounter.table","NW_015090842.1:9834743",36,75,39
"ACSF3","s329_S_LS_02_ASEReadCounter.table","NW_015090842.1:9834762",36,78,42
"ACSF3","s329_S_LS_02_ASEReadCounter.table","NW_015090842.1:9834852",52,106,54
"ACSF3","s329_S_LS_02_ASEReadCounter.table","NW_015090842.1:9834861",45,95,50
"ACSF3","s329_S_LS_02_ASEReadCounter.table","NW_015090842.1:9839359",16,47,31
"ACSF3","s329_S_LS_02_ASEReadCounter.table","NW_015090842.1:9839378",15,47,32
"ACSF3","s329_S_LS_02_ASEReadCounter.table","NW_015090842.1:9839455",24,59,35
"ACSF3","s329_S_LS_02_ASEReadCounter.table","NW_015090842.1:9839457",25,57,32
"ACSF3","s329_S_LS_02_ASEReadCounter.table","NW_015090842.1:9839489",17,46,29
"ACSF3","s329_S_LS_02_ASEReadCounter.table","NW_015090842.1:9839500",14,38,24
"ACSF3","s329_S_LS_02_ASEReadCounter.table","NW_015090842.1:9839501",14,39,25
"ACSF3","s329_S_LS_02_ASEReadCounter.table","NW_015090842.1:9839504",17,41,24
"ACSF3","s329_S_LS_02_ASEReadCounter.table","NW_015090842.1:9839512",19,36,17
"ACSF3","s329_S_LS_02_ASEReadCounter.table","NW_015090842.1:9839527",17,32,15
"ACSF3","s329_S_LS_02_ASEReadCounter.table","NW_015090842.1:9839533",11,23,12
"ACSF3","s329_S_LS_02_ASEReadCounter.table","NW_015090842.1:9839535",11,25,14
"ACSF3","s329_S_LS_02_ASEReadCounter.table","NW_015090842.1:9839545",6,18,12
"ACSF3","s329_S_LS_02_ASEReadCounter.table","NW_015090842.1:9839550",6,16,10
"ACSF3","s329_S_LS_02_ASEReadCounter.table","NW_015090842.1:9839551",6,17,11
"CDH15","s329_S_LS_02_ASEReadCounter.table","NW_015090842.1:9847163",0,1,1
"CDH15","s329_S_LS_02_ASEReadCounter.table","NW_015090842.1:9847174",0,1,1
"CDH15","s329_S_LS_02_ASEReadCounter.table","NW_015090842.1:9848220",0,1,1
"CDH15","s329_S_LS_02_ASEReadCounter.table","NW_015090842.1:9848265",1,2,1
"CDH15","s329_S_LS_02_ASEReadCounter.table","NW_015090842.1:9848531",0,1,1
"CDH15","s329_S_LS_02_ASEReadCounter.table","NW_015090842.1:9848552",1,1,0
"CDH15","s329_S_LS_02_ASEReadCounter.table","NW_015090842.1:9849086",1,1,0
"CDH15","s329_S_LS_02_ASEReadCounter.table","NW_015090842.1:9849473",1,1,0
"CDH15","s329_S_LS_02_ASEReadCounter.table","NW_015090842.1:9850141",0,2,2
"SLC22A31","s329_S_LS_02_ASEReadCounter.table","NW_015090842.1:9851130",2,6,4
"SLC22A31","s329_S_LS_02_ASEReadCounter.table","NW_015090842.1:9851139",2,6,4
"SLC22A31","s329_S_LS_02_ASEReadCounter.table","NW_015090842.1:9851265",9,23,14
"SLC22A31","s329_S_LS_02_ASEReadCounter.table","NW_015090842.1:9851302",2,17,15
"SLC22A31","s329_S_LS_02_ASEReadCounter.table","NW_015090842.1:9851303",2,16,14
"SLC22A31","s329_S_LS_02_ASEReadCounter.table","NW_015090842.1:9851305",2,17,15
"SLC22A31","s329_S_LS_02_ASEReadCounter.table","NW_015090842.1:9851343",5,15,10
"SLC22A31","s329_S_LS_02_ASEReadCounter.table","NW_015090842.1:9851344",5,15,10
"SLC22A31","s329_S_LS_02_ASEReadCounter.table","NW_015090842.1:9851381",9,21,12
"SLC22A31","s329_S_LS_02_ASEReadCounter.table","NW_015090842.1:9851421",11,27,16
"SLC22A31","s329_S_LS_02_ASEReadCounter.table","NW_015090842.1:9851526",11,19,8
"SLC22A31","s329_S_LS_02_ASEReadCounter.table","NW_015090842.1:9851589",18,29,11
"SLC22A31","s329_S_LS_02_ASEReadCounter.table","NW_015090842.1:9851712",13,26,13
"SLC22A31","s329_S_LS_02_ASEReadCounter.table","NW_015090842.1:9851899",8,16,8
"SLC22A31","s329_S_LS_02_ASEReadCounter.table","NW_015090842.1:9852139",7,13,6
"SLC22A31","s329_S_LS_02_ASEReadCounter.table","NW_015090842.1:9852380",9,13,4
"SLC22A31","s329_S_LS_02_ASEReadCounter.table","NW_015090842.1:9852431",7,14,7
"SLC22A31","s329_S_LS_02_ASEReadCounter.table","NW_015090842.1:9852630",3,12,9
"SLC22A31","s329_S_LS_02_ASEReadCounter.table","NW_015090842.1:9852711",1,5,4
"SLC22A31","s329_S_LS_02_ASEReadCounter.table","NW_015090842.1:9852742",2,4,2
"SLC22A31","s329_S_LS_02_ASEReadCounter.table","NW_015090842.1:9853099",2,8,6
"SLC22A31","s329_S_LS_02_ASEReadCounter.table","NW_015090842.1:9853102",2,8,6
"SLC22A31","s329_S_LS_02_ASEReadCounter.table","NW_015090842.1:9853421",3,3,0
"SLC22A31","s329_S_LS_02_ASEReadCounter.table","NW_015090842.1:9853457",5,6,1
"SLC22A31","s329_S_LS_02_ASEReadCounter.table","NW_015090842.1:9853502",3,5,2
"ANKRD11","s329_S_LS_02_ASEReadCounter.table","NW_015090842.1:9858863",16,34,18
"ANKRD11","s329_S_LS_02_ASEReadCounter.table","NW_015090842.1:9859101",176,354,178
"ANKRD11","s329_S_LS_02_ASEReadCounter.table","NW_015090842.1:9859352",226,454,228
"ANKRD11","s329_S_LS_02_ASEReadCounter.table","NW_015090842.1:9859381",99,267,168
"ANKRD11","s329_S_LS_02_ASEReadCounter.table","NW_015090842.1:9859527",81,193,112
"ANKRD11","s329_S_LS_02_ASEReadCounter.table","NW_015090842.1:9859529",81,200,119
"ANKRD11","s329_S_LS_02_ASEReadCounter.table","NW_015090842.1:9859679",219,407,188
"ANKRD11","s329_S_LS_02_ASEReadCounter.table","NW_015090842.1:9861097",157,287,130
"ANKRD11","s329_S_LS_02_ASEReadCounter.table","NW_015090842.1:9862571",96,170,74
"ANKRD11","s329_S_LS_02_ASEReadCounter.table","NW_015090842.1:9866071",0,73,73
"ANKRD11","s329_S_LS_02_ASEReadCounter.table","NW_015090842.1:9866200",1,77,76
"ANKRD11","s329_S_LS_02_ASEReadCounter.table","NW_015090842.1:9867391",31,54,23
"ANKRD11","s329_S_LS_02_ASEReadCounter.table","NW_015090842.1:9867472",41,69,28
"ANKRD11","s329_S_LS_02_ASEReadCounter.table","NW_015090842.1:9867559",40,74,34
"ANKRD11","s329_S_LS_02_ASEReadCounter.table","NW_015090842.1:9867934",47,86,39
"ANKRD11","s329_S_LS_02_ASEReadCounter.table","NW_015090842.1:9868093",44,68,24
"ANKRD11","s329_S_LS_02_ASEReadCounter.table","NW_015090842.1:9868222",51,107,56
"ANKRD11","s329_S_LS_02_ASEReadCounter.table","NW_015090842.1:9868327",53,107,54
"ANKRD11","s329_S_LS_02_ASEReadCounter.table","NW_015090842.1:9868414",64,118,54
"ANKRD11","s329_S_LS_02_ASEReadCounter.table","NW_015090842.1:9868441",66,122,56
"ANKRD11","s329_S_LS_02_ASEReadCounter.table","NW_015090842.1:9868444",64,124,60
"ANKRD11","s329_S_LS_02_ASEReadCounter.table","NW_015090842.1:9868519",77,140,63
"ANKRD11","s329_S_LS_02_ASEReadCounter.table","NW_015090842.1:9868609",58,131,73
"ANKRD11","s329_S_LS_02_ASEReadCounter.table","NW_015090842.1:9868666",72,159,87
"ANKRD11","s329_S_LS_02_ASEReadCounter.table","NW_015090842.1:9869431",148,265,117
"ANKRD11","s329_S_LS_02_ASEReadCounter.table","NW_015090842.1:9869578",210,408,198
"ANKRD11","s329_S_LS_02_ASEReadCounter.table","NW_015090842.1:9869734",238,454,216
"ANKRD11","s329_S_LS_02_ASEReadCounter.table","NW_015090842.1:9870070",234,458,224
"ANKRD11","s329_S_LS_02_ASEReadCounter.table","NW_015090842.1:9870349",268,520,252
"ANKRD11","s329_S_LS_02_ASEReadCounter.table","NW_015090842.1:9870604",269,533,264
"ANKRD11","s329_S_LS_02_ASEReadCounter.table","NW_015090842.1:9870613",293,564,271
"ANKRD11","s329_S_LS_02_ASEReadCounter.table","NW_015090842.1:9870685",322,671,349
"ANKRD11","s329_S_LS_02_ASEReadCounter.table","NW_015090842.1:9870847",253,557,304
"ANKRD11","s329_S_LS_02_ASEReadCounter.table","NW_015090842.1:9871103",235,431,196
"ANKRD11","s329_S_LS_02_ASEReadCounter.table","NW_015090842.1:9871165",233,459,226
"ANKRD11","s329_S_LS_02_ASEReadCounter.table","NW_015090842.1:9871820",55,93,38
"ANKRD11","s329_S_LS_02_ASEReadCounter.table","NW_015090842.1:9871994",56,106,50
"ANKRD11","s329_S_LS_02_ASEReadCounter.table","NW_015090842.1:9872118",44,103,59
"SPG7","s329_S_LS_02_ASEReadCounter.table","NW_015090842.1:10051190",85,174,89
"SPG7","s329_S_LS_02_ASEReadCounter.table","NW_015090842.1:10051218",100,215,115
"SPG7","s329_S_LS_02_ASEReadCounter.table","NW_015090842.1:10052348",126,251,125
"SPG7","s329_S_LS_02_ASEReadCounter.table","NW_015090842.1:10052366",124,250,126
"SPG7","s329_S_LS_02_ASEReadCounter.table","NW_015090842.1:10065173",185,360,175
"SPG7","s329_S_LS_02_ASEReadCounter.table","NW_015090842.1:10065215",170,325,155
"SPG7","s329_S_LS_02_ASEReadCounter.table","NW_015090842.1:10066301",136,260,124
"SPG7","s329_S_LS_02_ASEReadCounter.table","NW_015090842.1:10066365",166,304,138
"SPG7","s329_S_LS_02_ASEReadCounter.table","NW_015090842.1:10069752",194,364,170
"SPG7","s329_S_LS_02_ASEReadCounter.table","NW_015090842.1:10069800",195,372,177
"SPG7","s329_S_LS_02_ASEReadCounter.table","NW_015090842.1:10071192",200,420,220
"SPG7","s329_S_LS_02_ASEReadCounter.table","NW_015090842.1:10071204",204,417,213
"SPG7","s329_S_LS_02_ASEReadCounter.table","NW_015090842.1:10071219",189,402,213
"SPG7","s329_S_LS_02_ASEReadCounter.table","NW_015090842.1:10071967",179,365,186
"SPG7","s329_S_LS_02_ASEReadCounter.table","NW_015090842.1:10075109",371,643,272
"SPG7","s329_S_LS_02_ASEReadCounter.table","NW_015090842.1:10075114",369,631,262
"SPG7","s329_S_LS_02_ASEReadCounter.table","NW_015090842.1:10075198",255,472,217
"SPG7","s329_S_LS_02_ASEReadCounter.table","NW_015090842.1:10075487",246,492,246
"SPG7","s329_S_LS_02_ASEReadCounter.table","NW_015090842.1:10075488",245,490,245
"SPG7","s329_S_LS_02_ASEReadCounter.table","NW_015090842.1:10075548",159,350,191
"RPL13","s329_S_LS_02_ASEReadCounter.table","NW_015090842.1:10076979",3,4,1
"RPL13","s329_S_LS_02_ASEReadCounter.table","NW_015090842.1:10077387",443,1023,580
"RPL13","s329_S_LS_02_ASEReadCounter.table","NW_015090842.1:10077978",675,1465,790
"RPL13","s329_S_LS_02_ASEReadCounter.table","NW_015090842.1:10077992",669,1405,736
"CPNE7","s329_S_LS_02_ASEReadCounter.table","NW_015090842.1:10084001",19,35,16
"CPNE7","s329_S_LS_02_ASEReadCounter.table","NW_015090842.1:10084856",15,26,11
"CPNE7","s329_S_LS_02_ASEReadCounter.table","NW_015090842.1:10084872",19,27,8
"CPNE7","s329_S_LS_02_ASEReadCounter.table","NW_015090842.1:10084892",17,24,7
"CPNE7","s329_S_LS_02_ASEReadCounter.table","NW_015090842.1:10084921",18,29,11
"CPNE7","s329_S_LS_02_ASEReadCounter.table","NW_015090842.1:10084935",18,32,14
"CPNE7","s329_S_LS_02_ASEReadCounter.table","NW_015090842.1:10085000",25,38,13
"CPNE7","s329_S_LS_02_ASEReadCounter.table","NW_015090842.1:10085089",27,45,18
"CPNE7","s329_S_LS_02_ASEReadCounter.table","NW_015090842.1:10085096",26,44,18
"CPNE7","s329_S_LS_02_ASEReadCounter.table","NW_015090842.1:10085126",31,46,15
"CPNE7","s329_S_LS_02_ASEReadCounter.table","NW_015090842.1:10085180",31,45,14
"CPNE7","s329_S_LS_02_ASEReadCounter.table","NW_015090842.1:10085201",25,40,15
"CPNE7","s329_S_LS_02_ASEReadCounter.table","NW_015090842.1:10088134",45,79,34
"CPNE7","s329_S_LS_02_ASEReadCounter.table","NW_015090842.1:10088146",47,81,34
"CPNE7","s329_S_LS_02_ASEReadCounter.table","NW_015090842.1:10088940",81,140,59
"CPNE7","s329_S_LS_02_ASEReadCounter.table","NW_015090842.1:10088965",78,131,53
"CPNE7","s329_S_LS_02_ASEReadCounter.table","NW_015090842.1:10088967",78,132,54
"CPNE7","s329_S_LS_02_ASEReadCounter.table","NW_015090842.1:10088973",74,128,54
"CPNE7","s329_S_LS_02_ASEReadCounter.table","NW_015090842.1:10090924",115,219,104
"CPNE7","s329_S_LS_02_ASEReadCounter.table","NW_015090842.1:10090930",113,215,102
"CPNE7","s329_S_LS_02_ASEReadCounter.table","NW_015090842.1:10091075",119,222,103
"CPNE7","s329_S_LS_02_ASEReadCounter.table","NW_015090842.1:10091389",106,229,123
"CPNE7","s329_S_LS_02_ASEReadCounter.table","NW_015090842.1:10091407",118,239,121
"CPNE7","s329_S_LS_02_ASEReadCounter.table","NW_015090842.1:10091530",104,233,129
"CPNE7","s329_S_LS_02_ASEReadCounter.table","NW_015090842.1:10091875",168,314,146
"CPNE7","s329_S_LS_02_ASEReadCounter.table","NW_015090842.1:10091983",161,277,116
"CPNE7","s329_S_LS_02_ASEReadCounter.table","NW_015090842.1:10091997",155,276,121
"CPNE7","s329_S_LS_02_ASEReadCounter.table","NW_015090842.1:10092038",95,171,76
"CPNE7","s329_S_LS_02_ASEReadCounter.table","NW_015090842.1:10092140",96,194,98
"CPNE7","s329_S_LS_02_ASEReadCounter.table","NW_015090842.1:10092183",89,154,65
"CPNE7","s329_S_LS_02_ASEReadCounter.table","NW_015090842.1:10092201",82,136,54
"CPNE7","s329_S_LS_02_ASEReadCounter.table","NW_015090842.1:10092230",79,123,44
"CPNE7","s329_S_LS_02_ASEReadCounter.table","NW_015090842.1:10092246",47,79,32
"LOC106888185","s329_S_LS_02_ASEReadCounter.table","NW_015090842.1:10094965",0,4,4
"LOC106888185","s329_S_LS_02_ASEReadCounter.table","NW_015090842.1:10094966",0,4,4
"LOC106888185","s329_S_LS_02_ASEReadCounter.table","NW_015090842.1:10094985",0,5,5
"LOC106888185","s329_S_LS_02_ASEReadCounter.table","NW_015090842.1:10095055",0,3,3
"LOC106888185","s329_S_LS_02_ASEReadCounter.table","NW_015090842.1:10095062",0,3,3
"LOC106888185","s329_S_LS_02_ASEReadCounter.table","NW_015090842.1:10095130",1,5,4
"LOC106888185","s329_S_LS_02_ASEReadCounter.table","NW_015090842.1:10095265",11,17,6
"LOC106888185","s329_S_LS_02_ASEReadCounter.table","NW_015090842.1:10095586",4,11,7
"LOC106888185","s329_S_LS_02_ASEReadCounter.table","NW_015090842.1:10095593",4,10,6
"LOC106888185","s329_S_LS_02_ASEReadCounter.table","NW_015090842.1:10095616",4,9,5
"LOC106888185","s329_S_LS_02_ASEReadCounter.table","NW_015090842.1:10095662",3,4,1
"LOC106888185","s329_S_LS_02_ASEReadCounter.table","NW_015090842.1:10095674",3,4,1
"LOC106888185","s329_S_LS_02_ASEReadCounter.table","NW_015090842.1:10095786",3,9,6
"LOC106888185","s329_S_LS_02_ASEReadCounter.table","NW_015090842.1:10095831",6,10,4
"LOC106888185","s329_S_LS_02_ASEReadCounter.table","NW_015090842.1:10096230",4,4,0
"LOC106888185","s329_S_LS_02_ASEReadCounter.table","NW_015090842.1:10096249",4,5,1
"LOC106888185","s329_S_LS_02_ASEReadCounter.table","NW_015090842.1:10096272",6,10,4
"LOC106888185","s329_S_LS_02_ASEReadCounter.table","NW_015090842.1:10096288",7,13,6
"LOC106888185","s329_S_LS_02_ASEReadCounter.table","NW_015090842.1:10097248",4,11,7
"LOC106888185","s329_S_LS_02_ASEReadCounter.table","NW_015090842.1:10097265",4,10,6
"LOC106888185","s329_S_LS_02_ASEReadCounter.table","NW_015090842.1:10097446",1,3,2
"DPEP1","s329_S_LS_02_ASEReadCounter.table","NW_015090842.1:10098017",0,1,1
"DPEP1","s329_S_LS_02_ASEReadCounter.table","NW_015090842.1:10098518",0,1,1
"DPEP1","s329_S_LS_02_ASEReadCounter.table","NW_015090842.1:10098659",0,1,1
"DPEP1","s329_S_LS_02_ASEReadCounter.table","NW_015090842.1:10099765",0,1,1
"DPEP1","s329_S_LS_02_ASEReadCounter.table","NW_015090842.1:10100295",1,2,1
"DPEP1","s329_S_LS_02_ASEReadCounter.table","NW_015090842.1:10100529",1,3,2
"DPEP1","s329_S_LS_02_ASEReadCounter.table","NW_015090842.1:10100893",0,3,3
"DPEP1","s329_S_LS_02_ASEReadCounter.table","NW_015090842.1:10100902",0,3,3
"DPEP1","s329_S_LS_02_ASEReadCounter.table","NW_015090842.1:10101072",0,2,2
"DPEP1","s329_S_LS_02_ASEReadCounter.table","NW_015090842.1:10101199",0,2,2
"DPEP1","s329_S_LS_02_ASEReadCounter.table","NW_015090842.1:10101483",0,1,1
"DPEP1","s329_S_LS_02_ASEReadCounter.table","NW_015090842.1:10101497",0,1,1
"DPEP1","s329_S_LS_02_ASEReadCounter.table","NW_015090842.1:10101875",0,1,1
"CHMP1A","s329_S_LS_02_ASEReadCounter.table","NW_015090842.1:10102901",87,187,100
"CHMP1A","s329_S_LS_02_ASEReadCounter.table","NW_015090842.1:10102961",75,191,116
"CHMP1A","s329_S_LS_02_ASEReadCounter.table","NW_015090842.1:10102996",78,196,118
"CHMP1A","s329_S_LS_02_ASEReadCounter.table","NW_015090842.1:10103004",82,200,118
"CHMP1A","s329_S_LS_02_ASEReadCounter.table","NW_015090842.1:10103006",83,205,122
"CHMP1A","s329_S_LS_02_ASEReadCounter.table","NW_015090842.1:10103052",130,258,128
"CHMP1A","s329_S_LS_02_ASEReadCounter.table","NW_015090842.1:10103095",130,245,115
"CHMP1A","s329_S_LS_02_ASEReadCounter.table","NW_015090842.1:10103096",133,247,114
"CHMP1A","s329_S_LS_02_ASEReadCounter.table","NW_015090842.1:10103152",96,159,63
"CHMP1A","s329_S_LS_02_ASEReadCounter.table","NW_015090842.1:10103334",57,130,73
"CHMP1A","s329_S_LS_02_ASEReadCounter.table","NW_015090842.1:10103373",30,111,81
"CHMP1A","s329_S_LS_02_ASEReadCounter.table","NW_015090842.1:10103408",55,153,98
"CHMP1A","s329_S_LS_02_ASEReadCounter.table","NW_015090842.1:10103412",62,153,91
"CHMP1A","s329_S_LS_02_ASEReadCounter.table","NW_015090842.1:10103512",87,171,84
"CHMP1A","s329_S_LS_02_ASEReadCounter.table","NW_015090842.1:10103513",86,174,88
"CHMP1A","s329_S_LS_02_ASEReadCounter.table","NW_015090842.1:10103583",67,134,67
"CHMP1A","s329_S_LS_02_ASEReadCounter.table","NW_015090842.1:10103614",65,142,77
"CHMP1A","s329_S_LS_02_ASEReadCounter.table","NW_015090842.1:10103657",52,130,78
"CHMP1A","s329_S_LS_02_ASEReadCounter.table","NW_015090842.1:10103669",46,121,75
"CHMP1A","s329_S_LS_02_ASEReadCounter.table","NW_015090842.1:10103674",42,113,71
"CHMP1A","s329_S_LS_02_ASEReadCounter.table","NW_015090842.1:10103677",42,112,70
"CHMP1A","s329_S_LS_02_ASEReadCounter.table","NW_015090842.1:10103729",65,134,69
"CHMP1A","s329_S_LS_02_ASEReadCounter.table","NW_015090842.1:10103758",69,132,63
"CHMP1A","s329_S_LS_02_ASEReadCounter.table","NW_015090842.1:10103761",68,135,67
"CHMP1A","s329_S_LS_02_ASEReadCounter.table","NW_015090842.1:10103788",66,158,92
"CHMP1A","s329_S_LS_02_ASEReadCounter.table","NW_015090842.1:10103789",66,155,89
"CHMP1A","s329_S_LS_02_ASEReadCounter.table","NW_015090842.1:10103790",64,154,90
"CHMP1A","s329_S_LS_02_ASEReadCounter.table","NW_015090842.1:10103950",72,151,79
"CHMP1A","s329_S_LS_02_ASEReadCounter.table","NW_015090842.1:10104335",46,83,37
"CHMP1A","s329_S_LS_02_ASEReadCounter.table","NW_015090842.1:10104429",69,124,55
"CHMP1A","s329_S_LS_02_ASEReadCounter.table","NW_015090842.1:10104532",77,135,58
"CHMP1A","s329_S_LS_02_ASEReadCounter.table","NW_015090842.1:10104633",57,105,48
"CHMP1A","s329_S_LS_02_ASEReadCounter.table","NW_015090842.1:10104759",43,96,53
"CHMP1A","s329_S_LS_02_ASEReadCounter.table","NW_015090842.1:10104794",53,117,64
"CHMP1A","s329_S_LS_02_ASEReadCounter.table","NW_015090842.1:10104844",41,96,55
"CHMP1A","s329_S_LS_02_ASEReadCounter.table","NW_015090842.1:10106290",40,82,42
"CHMP1A","s329_S_LS_02_ASEReadCounter.table","NW_015090842.1:10106335",53,105,52
"CHMP1A","s329_S_LS_02_ASEReadCounter.table","NW_015090842.1:10106383",57,114,57
"CHMP1A","s329_S_LS_02_ASEReadCounter.table","NW_015090842.1:10106747",57,125,68
"CHMP1A","s329_S_LS_02_ASEReadCounter.table","NW_015090842.1:10107404",55,110,55
"CHMP1A","s329_S_LS_02_ASEReadCounter.table","NW_015090842.1:10107410",58,111,53
"CHMP1A","s329_S_LS_02_ASEReadCounter.table","NW_015090842.1:10107876",55,106,51
"CDK10","s329_S_LS_02_ASEReadCounter.table","NW_015090842.1:10109030",10,10,0
"CDK10","s329_S_LS_02_ASEReadCounter.table","NW_015090842.1:10109963",30,116,86
"CDK10","s329_S_LS_02_ASEReadCounter.table","NW_015090842.1:10110887",36,89,53
"CDK10","s329_S_LS_02_ASEReadCounter.table","NW_015090842.1:10111254",39,106,67
"CDK10","s329_S_LS_02_ASEReadCounter.table","NW_015090842.1:10111380",37,107,70
"CDK10","s329_S_LS_02_ASEReadCounter.table","NW_015090842.1:10111395",41,111,70
"CDK10","s329_S_LS_02_ASEReadCounter.table","NW_015090842.1:10111437",19,84,65
"CDK10","s329_S_LS_02_ASEReadCounter.table","NW_015090842.1:10111798",47,112,65
"CDK10","s329_S_LS_02_ASEReadCounter.table","NW_015090842.1:10111840",44,112,68
"CDK10","s329_S_LS_02_ASEReadCounter.table","NW_015090842.1:10112031",35,122,87
"CDK10","s329_S_LS_02_ASEReadCounter.table","NW_015090842.1:10112285",50,148,98
"CDK10","s329_S_LS_02_ASEReadCounter.table","NW_015090842.1:10112398",63,160,97
"CDK10","s329_S_LS_02_ASEReadCounter.table","NW_015090842.1:10112455",55,147,92
"CDK10","s329_S_LS_02_ASEReadCounter.table","NW_015090842.1:10112461",53,143,90
"CDK10","s329_S_LS_02_ASEReadCounter.table","NW_015090842.1:10112497",44,119,75
"CDK10","s329_S_LS_02_ASEReadCounter.table","NW_015090842.1:10112508",40,121,81
"CDK10","s329_S_LS_02_ASEReadCounter.table","NW_015090842.1:10112518",34,111,77
"CDK10","s329_S_LS_02_ASEReadCounter.table","NW_015090842.1:10112540",16,98,82
"CDK10","s329_S_LS_02_ASEReadCounter.table","NW_015090842.1:10112556",40,115,75
"CDK10","s329_S_LS_02_ASEReadCounter.table","NW_015090842.1:10112561",49,145,96
"CDK10","s329_S_LS_02_ASEReadCounter.table","NW_015090842.1:10112596",54,156,102
"CDK10","s329_S_LS_02_ASEReadCounter.table","NW_015090842.1:10112630",47,140,93
"CDK10","s329_S_LS_02_ASEReadCounter.table","NW_015090842.1:10112656",44,136,92
"CDK10","s329_S_LS_02_ASEReadCounter.table","NW_015090842.1:10112665",35,96,61
"CDK10","s329_S_LS_02_ASEReadCounter.table","NW_015090842.1:10112668",35,96,61
"CDK10","s329_S_LS_02_ASEReadCounter.table","NW_015090842.1:10112781",20,53,33
"CDK10","s329_S_LS_02_ASEReadCounter.table","NW_015090842.1:10112782",20,53,33
"CDK10","s329_S_LS_02_ASEReadCounter.table","NW_015090842.1:10112795",18,49,31
"CDK10","s329_S_LS_02_ASEReadCounter.table","NW_015090842.1:10112841",8,23,15
"CDK10","s329_S_LS_02_ASEReadCounter.table","NW_015090842.1:10112861",7,19,12
"SPATA2L","s329_S_LS_02_ASEReadCounter.table","NW_015090842.1:10113212",35,71,36
"SPATA2L","s329_S_LS_02_ASEReadCounter.table","NW_015090842.1:10113280",57,117,60
"SPATA2L","s329_S_LS_02_ASEReadCounter.table","NW_015090842.1:10113296",59,132,73
"SPATA2L","s329_S_LS_02_ASEReadCounter.table","NW_015090842.1:10113321",59,136,77
"SPATA2L","s329_S_LS_02_ASEReadCounter.table","NW_015090842.1:10113332",59,141,82
"SPATA2L","s329_S_LS_02_ASEReadCounter.table","NW_015090842.1:10113380",52,127,75
"SPATA2L","s329_S_LS_02_ASEReadCounter.table","NW_015090842.1:10113381",52,126,74
"SPATA2L","s329_S_LS_02_ASEReadCounter.table","NW_015090842.1:10113412",55,140,85
"SPATA2L","s329_S_LS_02_ASEReadCounter.table","NW_015090842.1:10113421",57,138,81
"SPATA2L","s329_S_LS_02_ASEReadCounter.table","NW_015090842.1:10113465",54,123,69
"SPATA2L","s329_S_LS_02_ASEReadCounter.table","NW_015090842.1:10113535",69,124,55
"SPATA2L","s329_S_LS_02_ASEReadCounter.table","NW_015090842.1:10113645",79,166,87
"SPATA2L","s329_S_LS_02_ASEReadCounter.table","NW_015090842.1:10113682",79,185,106
"SPATA2L","s329_S_LS_02_ASEReadCounter.table","NW_015090842.1:10113696",75,168,93
"SPATA2L","s329_S_LS_02_ASEReadCounter.table","NW_015090842.1:10113727",78,181,103
"SPATA2L","s329_S_LS_02_ASEReadCounter.table","NW_015090842.1:10113729",78,179,101
"SPATA2L","s329_S_LS_02_ASEReadCounter.table","NW_015090842.1:10113799",86,190,104
"SPATA2L","s329_S_LS_02_ASEReadCounter.table","NW_015090842.1:10113809",90,200,110
"SPATA2L","s329_S_LS_02_ASEReadCounter.table","NW_015090842.1:10113827",89,195,106
"SPATA2L","s329_S_LS_02_ASEReadCounter.table","NW_015090842.1:10113831",89,197,108
"SPATA2L","s329_S_LS_02_ASEReadCounter.table","NW_015090842.1:10113894",72,165,93
"SPATA2L","s329_S_LS_02_ASEReadCounter.table","NW_015090842.1:10113905",60,148,88
"SPATA2L","s329_S_LS_02_ASEReadCounter.table","NW_015090842.1:10113914",64,148,84
"SPATA2L","s329_S_LS_02_ASEReadCounter.table","NW_015090842.1:10113920",69,156,87
"SPATA2L","s329_S_LS_02_ASEReadCounter.table","NW_015090842.1:10113937",79,173,94
"SPATA2L","s329_S_LS_02_ASEReadCounter.table","NW_015090842.1:10113971",58,150,92
"SPATA2L","s329_S_LS_02_ASEReadCounter.table","NW_015090842.1:10113976",49,150,101
"SPATA2L","s329_S_LS_02_ASEReadCounter.table","NW_015090842.1:10113985",59,143,84
"SPATA2L","s329_S_LS_02_ASEReadCounter.table","NW_015090842.1:10113994",70,158,88
"SPATA2L","s329_S_LS_02_ASEReadCounter.table","NW_015090842.1:10114063",56,131,75
"SPATA2L","s329_S_LS_02_ASEReadCounter.table","NW_015090842.1:10114066",55,134,79
"SPATA2L","s329_S_LS_02_ASEReadCounter.table","NW_015090842.1:10114069",55,134,79
"SPATA2L","s329_S_LS_02_ASEReadCounter.table","NW_015090842.1:10114159",37,85,48
"SPATA2L","s329_S_LS_02_ASEReadCounter.table","NW_015090842.1:10114262",74,138,64
"SPATA2L","s329_S_LS_02_ASEReadCounter.table","NW_015090842.1:10114470",49,116,67
"SPATA2L","s329_S_LS_02_ASEReadCounter.table","NW_015090842.1:10114524",28,72,44
"VPS9D1","s329_S_LS_02_ASEReadCounter.table","NW_015090842.1:10116377",33,75,42
"VPS9D1","s329_S_LS_02_ASEReadCounter.table","NW_015090842.1:10116415",33,81,48
"VPS9D1","s329_S_LS_02_ASEReadCounter.table","NW_015090842.1:10116607",28,82,54
"VPS9D1","s329_S_LS_02_ASEReadCounter.table","NW_015090842.1:10116821",15,55,40
"VPS9D1","s329_S_LS_02_ASEReadCounter.table","NW_015090842.1:10116825",17,54,37
"VPS9D1","s329_S_LS_02_ASEReadCounter.table","NW_015090842.1:10116882",24,69,45
"VPS9D1","s329_S_LS_02_ASEReadCounter.table","NW_015090842.1:10116933",29,71,42
"VPS9D1","s329_S_LS_02_ASEReadCounter.table","NW_015090842.1:10116942",29,74,45
"VPS9D1","s329_S_LS_02_ASEReadCounter.table","NW_015090842.1:10117152",22,53,31
"VPS9D1","s329_S_LS_02_ASEReadCounter.table","NW_015090842.1:10117480",13,31,18
"VPS9D1","s329_S_LS_02_ASEReadCounter.table","NW_015090842.1:10117497",12,28,16
"VPS9D1","s329_S_LS_02_ASEReadCounter.table","NW_015090842.1:10117499",11,27,16
"VPS9D1","s329_S_LS_02_ASEReadCounter.table","NW_015090842.1:10117516",13,37,24
"VPS9D1","s329_S_LS_02_ASEReadCounter.table","NW_015090842.1:10117525",15,37,22
"VPS9D1","s329_S_LS_02_ASEReadCounter.table","NW_015090842.1:10117579",18,52,34
"VPS9D1","s329_S_LS_02_ASEReadCounter.table","NW_015090842.1:10117627",24,55,31
"VPS9D1","s329_S_LS_02_ASEReadCounter.table","NW_015090842.1:10117678",14,46,32
"VPS9D1","s329_S_LS_02_ASEReadCounter.table","NW_015090842.1:10117773",36,77,41
"VPS9D1","s329_S_LS_02_ASEReadCounter.table","NW_015090842.1:10117937",41,83,42
"VPS9D1","s329_S_LS_02_ASEReadCounter.table","NW_015090842.1:10117961",34,76,42
"VPS9D1","s329_S_LS_02_ASEReadCounter.table","NW_015090842.1:10118236",38,85,47
"VPS9D1","s329_S_LS_02_ASEReadCounter.table","NW_015090842.1:10118414",31,73,42
"VPS9D1","s329_S_LS_02_ASEReadCounter.table","NW_015090842.1:10118973",36,74,38
"VPS9D1","s329_S_LS_02_ASEReadCounter.table","NW_015090842.1:10119500",21,48,27
"ZNF276","s329_S_LS_02_ASEReadCounter.table","NW_015090842.1:10121760",4,8,4
"ZNF276","s329_S_LS_02_ASEReadCounter.table","NW_015090842.1:10121769",5,8,3
"ZNF276","s329_S_LS_02_ASEReadCounter.table","NW_015090842.1:10121802",5,11,6
"ZNF276","s329_S_LS_02_ASEReadCounter.table","NW_015090842.1:10121971",12,27,15
"ZNF276","s329_S_LS_02_ASEReadCounter.table","NW_015090842.1:10122161",11,24,13
"ZNF276","s329_S_LS_02_ASEReadCounter.table","NW_015090842.1:10122164",10,23,13
"ZNF276","s329_S_LS_02_ASEReadCounter.table","NW_015090842.1:10122184",10,20,10
"ZNF276","s329_S_LS_02_ASEReadCounter.table","NW_015090842.1:10122883",4,9,5
"ZNF276","s329_S_LS_02_ASEReadCounter.table","NW_015090842.1:10122997",11,22,11
"ZNF276","s329_S_LS_02_ASEReadCounter.table","NW_015090842.1:10123069",15,30,15
"ZNF276","s329_S_LS_02_ASEReadCounter.table","NW_015090842.1:10123207",18,40,22
"ZNF276","s329_S_LS_02_ASEReadCounter.table","NW_015090842.1:10125787",22,45,23
"ZNF276","s329_S_LS_02_ASEReadCounter.table","NW_015090842.1:10126309",16,44,28
"ZNF276","s329_S_LS_02_ASEReadCounter.table","NW_015090842.1:10126348",18,43,25
"ZNF276","s329_S_LS_02_ASEReadCounter.table","NW_015090842.1:10126978",36,54,18
"ZNF276","s329_S_LS_02_ASEReadCounter.table","NW_015090842.1:10126991",34,50,16
"ZNF276","s329_S_LS_02_ASEReadCounter.table","NW_015090842.1:10127023",36,54,18
"ZNF276","s329_S_LS_02_ASEReadCounter.table","NW_015090842.1:10127063",31,45,14
"ZNF276","s329_S_LS_02_ASEReadCounter.table","NW_015090842.1:10127373",27,46,19
"ZNF276","s329_S_LS_02_ASEReadCounter.table","NW_015090842.1:10127931",32,60,28
"ZNF276","s329_S_LS_02_ASEReadCounter.table","NW_015090842.1:10128070",33,63,30
"ZNF276","s329_S_LS_02_ASEReadCounter.table","NW_015090842.1:10128102",36,62,26
"ZNF276","s329_S_LS_02_ASEReadCounter.table","NW_015090842.1:10128356",32,59,27
"ZNF276","s329_S_LS_02_ASEReadCounter.table","NW_015090842.1:10128497",12,31,19
"FANCA","s329_S_LS_02_ASEReadCounter.table","NW_015090842.1:10128743",1,5,4
"FANCA","s329_S_LS_02_ASEReadCounter.table","NW_015090842.1:10128822",0,2,2
"FANCA","s329_S_LS_02_ASEReadCounter.table","NW_015090842.1:10129383",0,2,2
"FANCA","s329_S_LS_02_ASEReadCounter.table","NW_015090842.1:10129390",0,2,2
"FANCA","s329_S_LS_02_ASEReadCounter.table","NW_015090842.1:10129422",0,2,2
"FANCA","s329_S_LS_02_ASEReadCounter.table","NW_015090842.1:10133530",0,1,1
"FANCA","s329_S_LS_02_ASEReadCounter.table","NW_015090842.1:10133533",0,1,1
"FANCA","s329_S_LS_02_ASEReadCounter.table","NW_015090842.1:10133601",0,1,1
"FANCA","s329_S_LS_02_ASEReadCounter.table","NW_015090842.1:10134492",0,1,1
"FANCA","s329_S_LS_02_ASEReadCounter.table","NW_015090842.1:10136957",0,1,1
"FANCA","s329_S_LS_02_ASEReadCounter.table","NW_015090842.1:10136982",0,1,1
"FANCA","s329_S_LS_02_ASEReadCounter.table","NW_015090842.1:10138618",2,2,0
"FANCA","s329_S_LS_02_ASEReadCounter.table","NW_015090842.1:10139140",1,1,0
"FANCA","s329_S_LS_02_ASEReadCounter.table","NW_015090842.1:10140699",0,1,1
"FANCA","s329_S_LS_02_ASEReadCounter.table","NW_015090842.1:10145030",1,2,1
"FANCA","s329_S_LS_02_ASEReadCounter.table","NW_015090842.1:10152863",0,2,2
"FANCA","s329_S_LS_02_ASEReadCounter.table","NW_015090842.1:10165331",0,1,1
"SPIRE2","s329_S_LS_02_ASEReadCounter.table","NW_015090842.1:10172284",17,30,13
"SPIRE2","s329_S_LS_02_ASEReadCounter.table","NW_015090842.1:10175262",32,58,26
"SPIRE2","s329_S_LS_02_ASEReadCounter.table","NW_015090842.1:10175352",16,24,8
"SPIRE2","s329_S_LS_02_ASEReadCounter.table","NW_015090842.1:10175400",43,76,33
"SPIRE2","s329_S_LS_02_ASEReadCounter.table","NW_015090842.1:10175418",51,87,36
"SPIRE2","s329_S_LS_02_ASEReadCounter.table","NW_015090842.1:10175704",54,122,68
"SPIRE2","s329_S_LS_02_ASEReadCounter.table","NW_015090842.1:10176115",74,195,121
"SPIRE2","s329_S_LS_02_ASEReadCounter.table","NW_015090842.1:10176561",82,179,97
"SPIRE2","s329_S_LS_02_ASEReadCounter.table","NW_015090842.1:10176817",81,164,83
"SPIRE2","s329_S_LS_02_ASEReadCounter.table","NW_015090842.1:10177084",58,114,56
"SPIRE2","s329_S_LS_02_ASEReadCounter.table","NW_015090842.1:10177838",81,197,116
"SPIRE2","s329_S_LS_02_ASEReadCounter.table","NW_015090842.1:10178000",94,202,108
"SPIRE2","s329_S_LS_02_ASEReadCounter.table","NW_015090842.1:10178164",113,234,121
"SPIRE2","s329_S_LS_02_ASEReadCounter.table","NW_015090842.1:10178216",123,254,131
"SPIRE2","s329_S_LS_02_ASEReadCounter.table","NW_015090842.1:10178303",104,214,110
"SPIRE2","s329_S_LS_02_ASEReadCounter.table","NW_015090842.1:10178403",119,249,130
"SPIRE2","s329_S_LS_02_ASEReadCounter.table","NW_015090842.1:10178409",114,237,123
"SPIRE2","s329_S_LS_02_ASEReadCounter.table","NW_015090842.1:10178524",105,228,123
"SPIRE2","s329_S_LS_02_ASEReadCounter.table","NW_015090842.1:10178526",107,231,124
"SPIRE2","s329_S_LS_02_ASEReadCounter.table","NW_015090842.1:10178531",109,233,124
"SPIRE2","s329_S_LS_02_ASEReadCounter.table","NW_015090842.1:10178565",94,218,124
"SPIRE2","s329_S_LS_02_ASEReadCounter.table","NW_015090842.1:10178587",80,188,108
"SPIRE2","s329_S_LS_02_ASEReadCounter.table","NW_015090842.1:10178640",59,162,103
"SPIRE2","s329_S_LS_02_ASEReadCounter.table","NW_015090842.1:10178651",75,181,106
"SPIRE2","s329_S_LS_02_ASEReadCounter.table","NW_015090842.1:10178682",77,163,86
"TCF25","s329_S_LS_02_ASEReadCounter.table","NW_015090842.1:10180912",48,79,31
"TCF25","s329_S_LS_02_ASEReadCounter.table","NW_015090842.1:10180924",52,88,36
"TCF25","s329_S_LS_02_ASEReadCounter.table","NW_015090842.1:10180931",53,89,36
"TCF25","s329_S_LS_02_ASEReadCounter.table","NW_015090842.1:10185332",125,220,95
"TCF25","s329_S_LS_02_ASEReadCounter.table","NW_015090842.1:10196561",82,173,91
"TCF25","s329_S_LS_02_ASEReadCounter.table","NW_015090842.1:10197399",110,248,138
"MC1R","s329_S_LS_02_ASEReadCounter.table","NW_015090842.1:10201986",1,1,0
"MC1R","s329_S_LS_02_ASEReadCounter.table","NW_015090842.1:10202160",2,2,0
"MC1R","s329_S_LS_02_ASEReadCounter.table","NW_015090842.1:10202447",0,1,1
"TUBB3","s329_S_LS_02_ASEReadCounter.table","NW_015090842.1:10205322",0,332,332
"GAS8","s329_S_LS_02_ASEReadCounter.table","NW_015090842.1:10228982",21,48,27
"GAS8","s329_S_LS_02_ASEReadCounter.table","NW_015090842.1:10229832",14,25,11
"GAS8","s329_S_LS_02_ASEReadCounter.table","NW_015090842.1:10232901",26,58,32
"GAS8","s329_S_LS_02_ASEReadCounter.table","NW_015090842.1:10232928",39,67,28
"GAS8","s329_S_LS_02_ASEReadCounter.table","NW_015090842.1:10232967",31,56,25
"GAS8","s329_S_LS_02_ASEReadCounter.table","NW_015090842.1:10233032",16,43,27
"GAS8","s329_S_LS_02_ASEReadCounter.table","NW_015090842.1:10233057",15,33,18
"GAS8","s329_S_LS_02_ASEReadCounter.table","NW_015090842.1:10233058",15,35,20
"GAS8","s329_S_LS_02_ASEReadCounter.table","NW_015090842.1:10233176",19,41,22
"GAS8","s329_S_LS_02_ASEReadCounter.table","NW_015090842.1:10233196",22,43,21
"GAS8","s329_S_LS_02_ASEReadCounter.table","NW_015090842.1:10233252",17,40,23
"GAS8","s329_S_LS_02_ASEReadCounter.table","NW_015090842.1:10233303",10,20,10
"LOC106888094","s329_S_LS_02_ASEReadCounter.table","NW_015090842.1:10233334",2,9,7
"LOC106888094","s329_S_LS_02_ASEReadCounter.table","NW_015090842.1:10233362",5,16,11
"LOC106888094","s329_S_LS_02_ASEReadCounter.table","NW_015090842.1:10233373",5,14,9
"LOC106888094","s329_S_LS_02_ASEReadCounter.table","NW_015090842.1:10233388",5,21,16
"LOC106888094","s329_S_LS_02_ASEReadCounter.table","NW_015090842.1:10233402",8,23,15
"LOC106888094","s329_S_LS_02_ASEReadCounter.table","NW_015090842.1:10233465",10,26,16
"LOC106888094","s329_S_LS_02_ASEReadCounter.table","NW_015090842.1:10233803",13,30,17
"LOC106888094","s329_S_LS_02_ASEReadCounter.table","NW_015090842.1:10233815",9,25,16
"LOC106888094","s329_S_LS_02_ASEReadCounter.table","NW_015090842.1:10235484",0,1,1
"LOC106888094","s329_S_LS_02_ASEReadCounter.table","NW_015090842.1:10235977",0,1,1
"LOC106888094","s329_S_LS_02_ASEReadCounter.table","NW_015090842.1:10236161",2,2,0
"LOC106888094","s329_S_LS_02_ASEReadCounter.table","NW_015090842.1:10236380",1,3,2
"LOC106888094","s329_S_LS_02_ASEReadCounter.table","NW_015090842.1:10236388",2,4,2
"LOC106888094","s329_S_LS_02_ASEReadCounter.table","NW_015090842.1:10236425",2,3,1
"LOC106888094","s329_S_LS_02_ASEReadCounter.table","NW_015090842.1:10236426",2,3,1
"LOC106888094","s329_S_LS_02_ASEReadCounter.table","NW_015090842.1:10236603",1,1,0
"LOC106888173","s329_S_LS_02_ASEReadCounter.table","NW_015090842.1:10239596",2,7,5
"LOC106888173","s329_S_LS_02_ASEReadCounter.table","NW_015090842.1:10240036",1,17,16
"LOC106888173","s329_S_LS_02_ASEReadCounter.table","NW_015090842.1:10240095",1,18,17
"LOC106888173","s329_S_LS_02_ASEReadCounter.table","NW_015090842.1:10240280",3,18,15
"LOC106888173","s329_S_LS_02_ASEReadCounter.table","NW_015090842.1:10240557",3,19,16
"LOC106888173","s329_S_LS_02_ASEReadCounter.table","NW_015090842.1:10240603",5,19,14
"LOC106888173","s329_S_LS_02_ASEReadCounter.table","NW_015090842.1:10240609",6,22,16
"LOC106888173","s329_S_LS_02_ASEReadCounter.table","NW_015090842.1:10240924",2,32,30
"LOC106888173","s329_S_LS_02_ASEReadCounter.table","NW_015090842.1:10241037",2,28,26
"LOC106888173","s329_S_LS_02_ASEReadCounter.table","NW_015090842.1:10241046",2,29,27
"LOC106888173","s329_S_LS_02_ASEReadCounter.table","NW_015090842.1:10241058",2,28,26
"LOC106888173","s329_S_LS_02_ASEReadCounter.table","NW_015090842.1:10241064",3,26,23
"LOC106888173","s329_S_LS_02_ASEReadCounter.table","NW_015090842.1:10241163",7,39,32
"LOC106888173","s329_S_LS_02_ASEReadCounter.table","NW_015090842.1:10241803",4,28,24
"LOC106888173","s329_S_LS_02_ASEReadCounter.table","NW_015090842.1:10241827",5,28,23
"LOC106888173","s329_S_LS_02_ASEReadCounter.table","NW_015090842.1:10241869",8,30,22
"LOC106888173","s329_S_LS_02_ASEReadCounter.table","NW_015090842.1:10242079",4,24,20
"LOC106888173","s329_S_LS_02_ASEReadCounter.table","NW_015090842.1:10242103",3,27,24
"LOC106888173","s329_S_LS_02_ASEReadCounter.table","NW_015090842.1:10242157",7,29,22
"LOC106888173","s329_S_LS_02_ASEReadCounter.table","NW_015090842.1:10242455",6,29,23
"LOC106888173","s329_S_LS_02_ASEReadCounter.table","NW_015090842.1:10242481",6,30,24
"LOC106888173","s329_S_LS_02_ASEReadCounter.table","NW_015090842.1:10242590",6,33,27
"LOC106888173","s329_S_LS_02_ASEReadCounter.table","NW_015090842.1:10242794",7,35,28
"LOC106888173","s329_S_LS_02_ASEReadCounter.table","NW_015090842.1:10242909",6,29,23
"LOC106888173","s329_S_LS_02_ASEReadCounter.table","NW_015090842.1:10243094",10,37,27
"LOC106888173","s329_S_LS_02_ASEReadCounter.table","NW_015090842.1:10243133",9,31,22
"LOC106888173","s329_S_LS_02_ASEReadCounter.table","NW_015090842.1:10243273",11,50,39
"LOC106888173","s329_S_LS_02_ASEReadCounter.table","NW_015090842.1:10243278",12,50,38
"LOC106888173","s329_S_LS_02_ASEReadCounter.table","NW_015090842.1:10243281",12,51,39
"LOC106888173","s329_S_LS_02_ASEReadCounter.table","NW_015090842.1:10243347",31,31,0
"LOC106888173","s329_S_LS_02_ASEReadCounter.table","NW_015090842.1:10243353",15,25,10
"LOC106888173","s329_S_LS_02_ASEReadCounter.table","NW_015090842.1:10243363",11,18,7
"LOC106888173","s329_S_LS_02_ASEReadCounter.table","NW_015090842.1:10243365",11,19,8
"LOC106888173","s329_S_LS_02_ASEReadCounter.table","NW_015090842.1:10243529",4,18,14
"LOC106888173","s329_S_LS_02_ASEReadCounter.table","NW_015090842.1:10243566",9,35,26
"LOC106888173","s329_S_LS_02_ASEReadCounter.table","NW_015090842.1:10243605",13,35,22
"LOC106888173","s329_S_LS_02_ASEReadCounter.table","NW_015090842.1:10243614",13,39,26
"LOC106888173","s329_S_LS_02_ASEReadCounter.table","NW_015090842.1:10243615",13,38,25
"LOC106888173","s329_S_LS_02_ASEReadCounter.table","NW_015090842.1:10243640",9,30,21
"LOC106888173","s329_S_LS_02_ASEReadCounter.table","NW_015090842.1:10243680",5,21,16
"LOC106888173","s329_S_LS_02_ASEReadCounter.table","NW_015090842.1:10243742",10,29,19
"LOC106888173","s329_S_LS_02_ASEReadCounter.table","NW_015090842.1:10243804",8,25,17
"LOC106888173","s329_S_LS_02_ASEReadCounter.table","NW_015090842.1:10243913",8,15,7
"LOC106888173","s329_S_LS_02_ASEReadCounter.table","NW_015090842.1:10243921",9,15,6
"LOC106888384","s329_S_LS_02_ASEReadCounter.table","NW_015090842.1:10251354",0,1,1
"LOC106888384","s329_S_LS_02_ASEReadCounter.table","NW_015090842.1:10251358",0,1,1
"LOC106888384","s329_S_LS_02_ASEReadCounter.table","NW_015090842.1:10251369",0,1,1
"LOC106888384","s329_S_LS_02_ASEReadCounter.table","NW_015090842.1:10251370",0,1,1
"LOC106888384","s329_S_LS_02_ASEReadCounter.table","NW_015090842.1:10251375",0,1,1
"LOC106888384","s329_S_LS_02_ASEReadCounter.table","NW_015090842.1:10254263",1,1,0
"LOC106888384","s329_S_LS_02_ASEReadCounter.table","NW_015090842.1:10254293",1,1,0
"LOC106888384","s329_S_LS_02_ASEReadCounter.table","NW_015090842.1:10254891",1,1,0
"LOC106888384","s329_S_LS_02_ASEReadCounter.table","NW_015090842.1:10254900",0,1,1
"LOC106888384","s329_S_LS_02_ASEReadCounter.table","NW_015090842.1:10254915",0,1,1
"LOC106888384","s329_S_LS_02_ASEReadCounter.table","NW_015090842.1:10255209",1,1,0
"LOC106888384","s329_S_LS_02_ASEReadCounter.table","NW_015090842.1:10255211",1,1,0
"LOC106888384","s329_S_LS_02_ASEReadCounter.table","NW_015090842.1:10255236",1,1,0
"LOC106888384","s329_S_LS_02_ASEReadCounter.table","NW_015090842.1:10255262",1,1,0
"LOC106888384","s329_S_LS_02_ASEReadCounter.table","NW_015090842.1:10255264",1,1,0
"LOC106888384","s329_S_LS_02_ASEReadCounter.table","NW_015090842.1:10255410",2,3,1
"LOC106888384","s329_S_LS_02_ASEReadCounter.table","NW_015090842.1:10255449",2,3,1
"LOC106888384","s329_S_LS_02_ASEReadCounter.table","NW_015090842.1:10255496",1,1,0
"LOC106888384","s329_S_LS_02_ASEReadCounter.table","NW_015090842.1:10255531",1,2,1
"LOC106888384","s329_S_LS_02_ASEReadCounter.table","NW_015090842.1:10255608",1,2,1
"LOC106888384","s329_S_LS_02_ASEReadCounter.table","NW_015090842.1:10255614",0,1,1
"LOC106888384","s329_S_LS_02_ASEReadCounter.table","NW_015090842.1:10255704",3,4,1
"LOC106888384","s329_S_LS_02_ASEReadCounter.table","NW_015090842.1:10255731",3,4,1
"LOC106888384","s329_S_LS_02_ASEReadCounter.table","NW_015090842.1:10255771",2,3,1
"TANGO6","s329_S_LS_02_ASEReadCounter.table","NW_015090842.1:10257782",8,10,2
"TANGO6","s329_S_LS_02_ASEReadCounter.table","NW_015090842.1:10258162",9,18,9
"TANGO6","s329_S_LS_02_ASEReadCounter.table","NW_015090842.1:10258185",7,16,9
"TANGO6","s329_S_LS_02_ASEReadCounter.table","NW_015090842.1:10259267",12,24,12
"TANGO6","s329_S_LS_02_ASEReadCounter.table","NW_015090842.1:10260250",29,40,11
"TANGO6","s329_S_LS_02_ASEReadCounter.table","NW_015090842.1:10260979",25,33,8
"TANGO6","s329_S_LS_02_ASEReadCounter.table","NW_015090842.1:10261599",21,35,14
"TANGO6","s329_S_LS_02_ASEReadCounter.table","NW_015090842.1:10268425",43,65,22
"TANGO6","s329_S_LS_02_ASEReadCounter.table","NW_015090842.1:10269831",35,50,15
"TANGO6","s329_S_LS_02_ASEReadCounter.table","NW_015090842.1:10270813",33,48,15
"TANGO6","s329_S_LS_02_ASEReadCounter.table","NW_015090842.1:10273952",24,35,11
"TANGO6","s329_S_LS_02_ASEReadCounter.table","NW_015090842.1:10273970",24,37,13
"TANGO6","s329_S_LS_02_ASEReadCounter.table","NW_015090842.1:10274018",23,32,9
"TANGO6","s329_S_LS_02_ASEReadCounter.table","NW_015090842.1:10275974",26,42,16
"TANGO6","s329_S_LS_02_ASEReadCounter.table","NW_015090842.1:10275976",26,42,16
"TANGO6","s329_S_LS_02_ASEReadCounter.table","NW_015090842.1:10276123",35,43,8
"TANGO6","s329_S_LS_02_ASEReadCounter.table","NW_015090842.1:10276271",22,31,9
"TANGO6","s329_S_LS_02_ASEReadCounter.table","NW_015090842.1:10276272",18,27,9
"TANGO6","s329_S_LS_02_ASEReadCounter.table","NW_015090842.1:10276275",20,28,8
"TANGO6","s329_S_LS_02_ASEReadCounter.table","NW_015090842.1:10276278",21,30,9
"TANGO6","s329_S_LS_02_ASEReadCounter.table","NW_015090842.1:10276368",18,30,12
"TANGO6","s329_S_LS_02_ASEReadCounter.table","NW_015090842.1:10276373",18,30,12
"TANGO6","s329_S_LS_02_ASEReadCounter.table","NW_015090842.1:10276630",36,49,13
"TANGO6","s329_S_LS_02_ASEReadCounter.table","NW_015090842.1:10281498",45,58,13
"TANGO6","s329_S_LS_02_ASEReadCounter.table","NW_015090842.1:10282842",36,45,9
"TANGO6","s329_S_LS_02_ASEReadCounter.table","NW_015090842.1:10282863",28,41,13
"TANGO6","s329_S_LS_02_ASEReadCounter.table","NW_015090842.1:10282869",27,41,14
"TANGO6","s329_S_LS_02_ASEReadCounter.table","NW_015090842.1:10282903",28,46,18
"TANGO6","s329_S_LS_02_ASEReadCounter.table","NW_015090842.1:10283757",38,70,32
"TANGO6","s329_S_LS_02_ASEReadCounter.table","NW_015090842.1:10283785",40,66,26
"HAS3","s329_S_LS_02_ASEReadCounter.table","NW_015090842.1:10288093",1,2,1
"HAS3","s329_S_LS_02_ASEReadCounter.table","NW_015090842.1:10288364",0,1,1
"HAS3","s329_S_LS_02_ASEReadCounter.table","NW_015090842.1:10288405",3,4,1
"HAS3","s329_S_LS_02_ASEReadCounter.table","NW_015090842.1:10289708",3,6,3
"HAS3","s329_S_LS_02_ASEReadCounter.table","NW_015090842.1:10290375",2,3,1
"HAS3","s329_S_LS_02_ASEReadCounter.table","NW_015090842.1:10290395",1,2,1
"HAS3","s329_S_LS_02_ASEReadCounter.table","NW_015090842.1:10290561",2,2,0
"HAS3","s329_S_LS_02_ASEReadCounter.table","NW_015090842.1:10290609",3,4,1
"HAS3","s329_S_LS_02_ASEReadCounter.table","NW_015090842.1:10290666",2,3,1
"HAS3","s329_S_LS_02_ASEReadCounter.table","NW_015090842.1:10290723",2,2,0
"HAS3","s329_S_LS_02_ASEReadCounter.table","NW_015090842.1:10290927",4,7,3
"HAS3","s329_S_LS_02_ASEReadCounter.table","NW_015090842.1:10291004",4,6,2
"CHTF8","s329_S_LS_02_ASEReadCounter.table","NW_015090842.1:10291319",2,10,8
"CHTF8","s329_S_LS_02_ASEReadCounter.table","NW_015090842.1:10291342",2,8,6
"CHTF8","s329_S_LS_02_ASEReadCounter.table","NW_015090842.1:10291491",15,22,7
"CHTF8","s329_S_LS_02_ASEReadCounter.table","NW_015090842.1:10291520",14,27,13
"CHTF8","s329_S_LS_02_ASEReadCounter.table","NW_015090842.1:10291593",12,30,18
"CHTF8","s329_S_LS_02_ASEReadCounter.table","NW_015090842.1:10291600",14,32,18
"CHTF8","s329_S_LS_02_ASEReadCounter.table","NW_015090842.1:10291609",12,26,14
"CHTF8","s329_S_LS_02_ASEReadCounter.table","NW_015090842.1:10291639",11,26,15
"CHTF8","s329_S_LS_02_ASEReadCounter.table","NW_015090842.1:10291641",11,25,14
"CHTF8","s329_S_LS_02_ASEReadCounter.table","NW_015090842.1:10291648",11,29,18
"CHTF8","s329_S_LS_02_ASEReadCounter.table","NW_015090842.1:10291656",11,29,18
"CHTF8","s329_S_LS_02_ASEReadCounter.table","NW_015090842.1:10291675",8,25,17
"CHTF8","s329_S_LS_02_ASEReadCounter.table","NW_015090842.1:10291696",9,22,13
"CHTF8","s329_S_LS_02_ASEReadCounter.table","NW_015090842.1:10291714",10,25,15
"CHTF8","s329_S_LS_02_ASEReadCounter.table","NW_015090842.1:10291732",7,26,19
"CHTF8","s329_S_LS_02_ASEReadCounter.table","NW_015090842.1:10291755",7,22,15
"CHTF8","s329_S_LS_02_ASEReadCounter.table","NW_015090842.1:10291756",7,21,14
"CHTF8","s329_S_LS_02_ASEReadCounter.table","NW_015090842.1:10291758",7,21,14
"CHTF8","s329_S_LS_02_ASEReadCounter.table","NW_015090842.1:10291792",6,23,17
"CHTF8","s329_S_LS_02_ASEReadCounter.table","NW_015090842.1:10291895",12,28,16
"CHTF8","s329_S_LS_02_ASEReadCounter.table","NW_015090842.1:10292132",13,24,11
"CHTF8","s329_S_LS_02_ASEReadCounter.table","NW_015090842.1:10292314",14,21,7
"CHTF8","s329_S_LS_02_ASEReadCounter.table","NW_015090842.1:10292317",15,22,7
"CHTF8","s329_S_LS_02_ASEReadCounter.table","NW_015090842.1:10292928",6,8,2
"UTP4","s329_S_LS_02_ASEReadCounter.table","NW_015090842.1:10293146",17,34,17
"UTP4","s329_S_LS_02_ASEReadCounter.table","NW_015090842.1:10293151",16,32,16
"UTP4","s329_S_LS_02_ASEReadCounter.table","NW_015090842.1:10293191",5,14,9
"UTP4","s329_S_LS_02_ASEReadCounter.table","NW_015090842.1:10293362",19,30,11
"UTP4","s329_S_LS_02_ASEReadCounter.table","NW_015090842.1:10293430",16,25,9
"UTP4","s329_S_LS_02_ASEReadCounter.table","NW_015090842.1:10293625",9,21,12
"UTP4","s329_S_LS_02_ASEReadCounter.table","NW_015090842.1:10293684",11,26,15
"UTP4","s329_S_LS_02_ASEReadCounter.table","NW_015090842.1:10294093",12,22,10
"UTP4","s329_S_LS_02_ASEReadCounter.table","NW_015090842.1:10294568",10,23,13
"UTP4","s329_S_LS_02_ASEReadCounter.table","NW_015090842.1:10294622",9,21,12
"UTP4","s329_S_LS_02_ASEReadCounter.table","NW_015090842.1:10294632",8,19,11
"UTP4","s329_S_LS_02_ASEReadCounter.table","NW_015090842.1:10295238",13,27,14
"UTP4","s329_S_LS_02_ASEReadCounter.table","NW_015090842.1:10295880",18,31,13
"UTP4","s329_S_LS_02_ASEReadCounter.table","NW_015090842.1:10295884",17,31,14
"UTP4","s329_S_LS_02_ASEReadCounter.table","NW_015090842.1:10295903",13,22,9
"UTP4","s329_S_LS_02_ASEReadCounter.table","NW_015090842.1:10295906",13,23,10
"UTP4","s329_S_LS_02_ASEReadCounter.table","NW_015090842.1:10295915",12,22,10
"UTP4","s329_S_LS_02_ASEReadCounter.table","NW_015090842.1:10295938",14,21,7
"UTP4","s329_S_LS_02_ASEReadCounter.table","NW_015090842.1:10296175",16,34,18
"UTP4","s329_S_LS_02_ASEReadCounter.table","NW_015090842.1:10296660",17,40,23
"UTP4","s329_S_LS_02_ASEReadCounter.table","NW_015090842.1:10296679",15,38,23
"UTP4","s329_S_LS_02_ASEReadCounter.table","NW_015090842.1:10297193",31,69,38
"UTP4","s329_S_LS_02_ASEReadCounter.table","NW_015090842.1:10297220",37,73,36
"UTP4","s329_S_LS_02_ASEReadCounter.table","NW_015090842.1:10297307",35,64,29
"UTP4","s329_S_LS_02_ASEReadCounter.table","NW_015090842.1:10297558",47,70,23
"UTP4","s329_S_LS_02_ASEReadCounter.table","NW_015090842.1:10297943",35,64,29
"UTP4","s329_S_LS_02_ASEReadCounter.table","NW_015090842.1:10297979",26,56,30
"UTP4","s329_S_LS_02_ASEReadCounter.table","NW_015090842.1:10298022",16,42,26
"UTP4","s329_S_LS_02_ASEReadCounter.table","NW_015090842.1:10298079",2,14,12
"UTP4","s329_S_LS_02_ASEReadCounter.table","NW_015090842.1:10298081",1,12,11
"UTP4","s329_S_LS_02_ASEReadCounter.table","NW_015090842.1:10298082",1,12,11
"SNTB2","s329_S_LS_02_ASEReadCounter.table","NW_015090842.1:10298905",1,2,1
"SNTB2","s329_S_LS_02_ASEReadCounter.table","NW_015090842.1:10298928",1,2,1
"SNTB2","s329_S_LS_02_ASEReadCounter.table","NW_015090842.1:10303506",3,4,1
"SNTB2","s329_S_LS_02_ASEReadCounter.table","NW_015090842.1:10303524",3,4,1
"SNTB2","s329_S_LS_02_ASEReadCounter.table","NW_015090842.1:10304059",3,13,10
"SNTB2","s329_S_LS_02_ASEReadCounter.table","NW_015090842.1:10304089",3,12,9
"SNTB2","s329_S_LS_02_ASEReadCounter.table","NW_015090842.1:10304167",2,8,6
"SNTB2","s329_S_LS_02_ASEReadCounter.table","NW_015090842.1:10304176",2,8,6
"SNTB2","s329_S_LS_02_ASEReadCounter.table","NW_015090842.1:10305069",1,2,1
"SNTB2","s329_S_LS_02_ASEReadCounter.table","NW_015090842.1:10305099",1,5,4
"SNTB2","s329_S_LS_02_ASEReadCounter.table","NW_015090842.1:10305451",3,4,1
"SNTB2","s329_S_LS_02_ASEReadCounter.table","NW_015090842.1:10305547",2,5,3
"SNTB2","s329_S_LS_02_ASEReadCounter.table","NW_015090842.1:10305847",1,2,1
"SNTB2","s329_S_LS_02_ASEReadCounter.table","NW_015090842.1:10305911",3,11,8
"SNTB2","s329_S_LS_02_ASEReadCounter.table","NW_015090842.1:10306173",5,13,8
"SNTB2","s329_S_LS_02_ASEReadCounter.table","NW_015090842.1:10306275",0,7,7
"SNTB2","s329_S_LS_02_ASEReadCounter.table","NW_015090842.1:10306457",4,12,8
"SNTB2","s329_S_LS_02_ASEReadCounter.table","NW_015090842.1:10306496",4,14,10
"SNTB2","s329_S_LS_02_ASEReadCounter.table","NW_015090842.1:10306499",4,14,10
"VPS4A","s329_S_LS_02_ASEReadCounter.table","NW_015090842.1:10308566",82,171,89
"VPS4A","s329_S_LS_02_ASEReadCounter.table","NW_015090842.1:10308573",78,169,91
"VPS4A","s329_S_LS_02_ASEReadCounter.table","NW_015090842.1:10308856",119,263,144
"VPS4A","s329_S_LS_02_ASEReadCounter.table","NW_015090842.1:10309056",140,285,145
"VPS4A","s329_S_LS_02_ASEReadCounter.table","NW_015090842.1:10309089",163,334,171
"VPS4A","s329_S_LS_02_ASEReadCounter.table","NW_015090842.1:10309392",139,294,155
"VPS4A","s329_S_LS_02_ASEReadCounter.table","NW_015090842.1:10309413",147,301,154
"VPS4A","s329_S_LS_02_ASEReadCounter.table","NW_015090842.1:10309467",187,366,179
"VPS4A","s329_S_LS_02_ASEReadCounter.table","NW_015090842.1:10310230",182,368,186
"VPS4A","s329_S_LS_02_ASEReadCounter.table","NW_015090842.1:10310425",196,366,170
"VPS4A","s329_S_LS_02_ASEReadCounter.table","NW_015090842.1:10310639",197,407,210
"VPS4A","s329_S_LS_02_ASEReadCounter.table","NW_015090842.1:10310640",397,397,0
"VPS4A","s329_S_LS_02_ASEReadCounter.table","NW_015090842.1:10310687",219,429,210
"VPS4A","s329_S_LS_02_ASEReadCounter.table","NW_015090842.1:10310734",190,375,185
"VPS4A","s329_S_LS_02_ASEReadCounter.table","NW_015090842.1:10310737",193,378,185
"VPS4A","s329_S_LS_02_ASEReadCounter.table","NW_015090842.1:10310746",195,385,190
"VPS4A","s329_S_LS_02_ASEReadCounter.table","NW_015090842.1:10310767",216,414,198
"VPS4A","s329_S_LS_02_ASEReadCounter.table","NW_015090842.1:10310995",232,454,222
"VPS4A","s329_S_LS_02_ASEReadCounter.table","NW_015090842.1:10311004",233,451,218
"VPS4A","s329_S_LS_02_ASEReadCounter.table","NW_015090842.1:10311007",237,467,230
"VPS4A","s329_S_LS_02_ASEReadCounter.table","NW_015090842.1:10311013",258,483,225
"VPS4A","s329_S_LS_02_ASEReadCounter.table","NW_015090842.1:10311022",230,450,220
"VPS4A","s329_S_LS_02_ASEReadCounter.table","NW_015090842.1:10311023",231,450,219
"VPS4A","s329_S_LS_02_ASEReadCounter.table","NW_015090842.1:10311426",238,498,260
"VPS4A","s329_S_LS_02_ASEReadCounter.table","NW_015090842.1:10311489",3,15,12
"VPS4A","s329_S_LS_02_ASEReadCounter.table","NW_015090842.1:10311490",3,13,10
"VPS4A","s329_S_LS_02_ASEReadCounter.table","NW_015090842.1:10311525",10,31,21
"VPS4A","s329_S_LS_02_ASEReadCounter.table","NW_015090842.1:10311529",10,38,28
"VPS4A","s329_S_LS_02_ASEReadCounter.table","NW_015090842.1:10311530",9,38,29
"VPS4A","s329_S_LS_02_ASEReadCounter.table","NW_015090842.1:10311552",31,65,34
"VPS4A","s329_S_LS_02_ASEReadCounter.table","NW_015090842.1:10311689",17,57,40
"VPS4A","s329_S_LS_02_ASEReadCounter.table","NW_015090842.1:10311700",30,70,40
"VPS4A","s329_S_LS_02_ASEReadCounter.table","NW_015090842.1:10311701",31,71,40
"VPS4A","s329_S_LS_02_ASEReadCounter.table","NW_015090842.1:10311703",32,73,41
"COG8","s329_S_LS_02_ASEReadCounter.table","NW_015090842.1:10313487",25,49,24
"COG8","s329_S_LS_02_ASEReadCounter.table","NW_015090842.1:10313559",33,67,34
"COG8","s329_S_LS_02_ASEReadCounter.table","NW_015090842.1:10313579",32,66,34
"COG8","s329_S_LS_02_ASEReadCounter.table","NW_015090842.1:10313665",37,69,32
"COG8","s329_S_LS_02_ASEReadCounter.table","NW_015090842.1:10313681",35,71,36
"COG8","s329_S_LS_02_ASEReadCounter.table","NW_015090842.1:10313768",39,75,36
"COG8","s329_S_LS_02_ASEReadCounter.table","NW_015090842.1:10313775",37,73,36
"COG8","s329_S_LS_02_ASEReadCounter.table","NW_015090842.1:10313811",26,56,30
"COG8","s329_S_LS_02_ASEReadCounter.table","NW_015090842.1:10313858",21,49,28
"COG8","s329_S_LS_02_ASEReadCounter.table","NW_015090842.1:10313859",26,50,24
"COG8","s329_S_LS_02_ASEReadCounter.table","NW_015090842.1:10314100",33,58,25
"COG8","s329_S_LS_02_ASEReadCounter.table","NW_015090842.1:10314213",26,51,25
"COG8","s329_S_LS_02_ASEReadCounter.table","NW_015090842.1:10315093",24,41,17
"COG8","s329_S_LS_02_ASEReadCounter.table","NW_015090842.1:10315162",21,43,22
"COG8","s329_S_LS_02_ASEReadCounter.table","NW_015090842.1:10315285",39,60,21
"COG8","s329_S_LS_02_ASEReadCounter.table","NW_015090842.1:10315360",24,56,32
"COG8","s329_S_LS_02_ASEReadCounter.table","NW_015090842.1:10315369",24,57,33
"COG8","s329_S_LS_02_ASEReadCounter.table","NW_015090842.1:10315508",10,30,20
"COG8","s329_S_LS_02_ASEReadCounter.table","NW_015090842.1:10315624",16,39,23
"COG8","s329_S_LS_02_ASEReadCounter.table","NW_015090842.1:10315693",19,43,24
"COG8","s329_S_LS_02_ASEReadCounter.table","NW_015090842.1:10315698",20,45,25
"COG8","s329_S_LS_02_ASEReadCounter.table","NW_015090842.1:10315768",14,37,23
"COG8","s329_S_LS_02_ASEReadCounter.table","NW_015090842.1:10315769",13,37,24
"COG8","s329_S_LS_02_ASEReadCounter.table","NW_015090842.1:10315784",12,33,21
"COG8","s329_S_LS_02_ASEReadCounter.table","NW_015090842.1:10316093",15,37,22
"COG8","s329_S_LS_02_ASEReadCounter.table","NW_015090842.1:10316133",12,29,17
"NIP7","s329_S_LS_02_ASEReadCounter.table","NW_015090842.1:10316759",13,31,18
"NIP7","s329_S_LS_02_ASEReadCounter.table","NW_015090842.1:10316967",103,222,119
"NIP7","s329_S_LS_02_ASEReadCounter.table","NW_015090842.1:10316995",122,255,133
"NIP7","s329_S_LS_02_ASEReadCounter.table","NW_015090842.1:10317240",182,364,182
"NIP7","s329_S_LS_02_ASEReadCounter.table","NW_015090842.1:10317247",185,365,180
"NIP7","s329_S_LS_02_ASEReadCounter.table","NW_015090842.1:10317264",177,355,178
"NIP7","s329_S_LS_02_ASEReadCounter.table","NW_015090842.1:10317433",190,398,208
"NIP7","s329_S_LS_02_ASEReadCounter.table","NW_015090842.1:10317738",165,382,217
"NIP7","s329_S_LS_02_ASEReadCounter.table","NW_015090842.1:10317769",182,402,220
"NIP7","s329_S_LS_02_ASEReadCounter.table","NW_015090842.1:10317808",140,293,153
"NIP7","s329_S_LS_02_ASEReadCounter.table","NW_015090842.1:10317870",83,197,114
"NIP7","s329_S_LS_02_ASEReadCounter.table","NW_015090842.1:10317871",83,194,111
"NIP7","s329_S_LS_02_ASEReadCounter.table","NW_015090842.1:10317898",49,125,76
"NIP7","s329_S_LS_02_ASEReadCounter.table","NW_015090842.1:10317911",46,105,59
"TMED6","s329_S_LS_02_ASEReadCounter.table","NW_015090842.1:10318731",2,2,0
"TERF2","s329_S_LS_02_ASEReadCounter.table","NW_015090842.1:10321768",39,85,46
"TERF2","s329_S_LS_02_ASEReadCounter.table","NW_015090842.1:10321777",37,81,44
"TERF2","s329_S_LS_02_ASEReadCounter.table","NW_015090842.1:10321805",39,83,44
"TERF2","s329_S_LS_02_ASEReadCounter.table","NW_015090842.1:10321878",61,114,53
"TERF2","s329_S_LS_02_ASEReadCounter.table","NW_015090842.1:10321893",52,101,49
"TERF2","s329_S_LS_02_ASEReadCounter.table","NW_015090842.1:10321897",50,95,45
"TERF2","s329_S_LS_02_ASEReadCounter.table","NW_015090842.1:10321908",45,87,42
"TERF2","s329_S_LS_02_ASEReadCounter.table","NW_015090842.1:10322001",62,134,72
"TERF2","s329_S_LS_02_ASEReadCounter.table","NW_015090842.1:10322035",46,110,64
"TERF2","s329_S_LS_02_ASEReadCounter.table","NW_015090842.1:10322051",52,125,73
"TERF2","s329_S_LS_02_ASEReadCounter.table","NW_015090842.1:10322137",44,96,52
"TERF2","s329_S_LS_02_ASEReadCounter.table","NW_015090842.1:10322144",45,90,45
"TERF2","s329_S_LS_02_ASEReadCounter.table","NW_015090842.1:10322388",28,101,73
"TERF2","s329_S_LS_02_ASEReadCounter.table","NW_015090842.1:10322396",28,100,72
"TERF2","s329_S_LS_02_ASEReadCounter.table","NW_015090842.1:10322502",43,97,54
"TERF2","s329_S_LS_02_ASEReadCounter.table","NW_015090842.1:10322504",42,96,54
"TERF2","s329_S_LS_02_ASEReadCounter.table","NW_015090842.1:10322510",43,91,48
"TERF2","s329_S_LS_02_ASEReadCounter.table","NW_015090842.1:10323580",42,107,65
"TERF2","s329_S_LS_02_ASEReadCounter.table","NW_015090842.1:10324314",33,89,56
"TERF2","s329_S_LS_02_ASEReadCounter.table","NW_015090842.1:10326832",33,64,31
"TERF2","s329_S_LS_02_ASEReadCounter.table","NW_015090842.1:10327787",18,41,23
"TERF2","s329_S_LS_02_ASEReadCounter.table","NW_015090842.1:10328588",22,40,18
"TERF2","s329_S_LS_02_ASEReadCounter.table","NW_015090842.1:10328644",15,25,10
"TERF2","s329_S_LS_02_ASEReadCounter.table","NW_015090842.1:10329813",13,30,17
"TERF2","s329_S_LS_02_ASEReadCounter.table","NW_015090842.1:10330749",11,27,16
"TERF2","s329_S_LS_02_ASEReadCounter.table","NW_015090842.1:10330789",13,35,22
"CYB5B","s329_S_LS_02_ASEReadCounter.table","NW_015090842.1:10336595",5,12,7
"CYB5B","s329_S_LS_02_ASEReadCounter.table","NW_015090842.1:10336667",52,87,35
"CYB5B","s329_S_LS_02_ASEReadCounter.table","NW_015090842.1:10336689",77,128,51
"CYB5B","s329_S_LS_02_ASEReadCounter.table","NW_015090842.1:10336728",111,205,94
"CYB5B","s329_S_LS_02_ASEReadCounter.table","NW_015090842.1:10345068",100,195,95
"CYB5B","s329_S_LS_02_ASEReadCounter.table","NW_015090842.1:10348800",162,293,131
"CYB5B","s329_S_LS_02_ASEReadCounter.table","NW_015090842.1:10349046",126,249,123
"CYB5B","s329_S_LS_02_ASEReadCounter.table","NW_015090842.1:10349119",74,217,143
"CYB5B","s329_S_LS_02_ASEReadCounter.table","NW_015090842.1:10349146",38,194,156
"CYB5B","s329_S_LS_02_ASEReadCounter.table","NW_015090842.1:10349157",70,225,155
"CYB5B","s329_S_LS_02_ASEReadCounter.table","NW_015090842.1:10349263",117,250,133
