"gene","id","snp","ref_count","total_count","alt_count"
"CENPN","s374_S_ADR_01_ASEReadCounter.table","NW_015090842.1:5801612",1,3,2
"CENPN","s374_S_ADR_01_ASEReadCounter.table","NW_015090842.1:5801618",3,5,2
"CENPN","s374_S_ADR_01_ASEReadCounter.table","NW_015090842.1:5801623",4,6,2
"CENPN","s374_S_ADR_01_ASEReadCounter.table","NW_015090842.1:5801631",4,6,2
"CENPN","s374_S_ADR_01_ASEReadCounter.table","NW_015090842.1:5801632",4,6,2
"CENPN","s374_S_ADR_01_ASEReadCounter.table","NW_015090842.1:5801655",4,5,1
"CENPN","s374_S_ADR_01_ASEReadCounter.table","NW_015090842.1:5801670",5,6,1
"CENPN","s374_S_ADR_01_ASEReadCounter.table","NW_015090842.1:5801674",5,6,1
"CENPN","s374_S_ADR_01_ASEReadCounter.table","NW_015090842.1:5801692",6,6,0
"CENPN","s374_S_ADR_01_ASEReadCounter.table","NW_015090842.1:5802008",8,14,6
"CENPN","s374_S_ADR_01_ASEReadCounter.table","NW_015090842.1:5802012",8,14,6
"CENPN","s374_S_ADR_01_ASEReadCounter.table","NW_015090842.1:5802087",4,10,6
"CENPN","s374_S_ADR_01_ASEReadCounter.table","NW_015090842.1:5810113",1,2,1
"CENPN","s374_S_ADR_01_ASEReadCounter.table","NW_015090842.1:5810147",3,4,1
"CENPN","s374_S_ADR_01_ASEReadCounter.table","NW_015090842.1:5810148",3,4,1
"ATMIN","s374_S_ADR_01_ASEReadCounter.table","NW_015090842.1:5818789",5,16,11
"ATMIN","s374_S_ADR_01_ASEReadCounter.table","NW_015090842.1:5819958",16,24,8
"ATMIN","s374_S_ADR_01_ASEReadCounter.table","NW_015090842.1:5820004",11,20,9
"ATMIN","s374_S_ADR_01_ASEReadCounter.table","NW_015090842.1:5820217",14,25,11
"ATMIN","s374_S_ADR_01_ASEReadCounter.table","NW_015090842.1:5820250",12,22,10
"ATMIN","s374_S_ADR_01_ASEReadCounter.table","NW_015090842.1:5820298",11,21,10
"ATMIN","s374_S_ADR_01_ASEReadCounter.table","NW_015090842.1:5820417",9,17,8
"ATMIN","s374_S_ADR_01_ASEReadCounter.table","NW_015090842.1:5820421",8,15,7
"ATMIN","s374_S_ADR_01_ASEReadCounter.table","NW_015090842.1:5820448",13,22,9
"ATMIN","s374_S_ADR_01_ASEReadCounter.table","NW_015090842.1:5820457",13,22,9
"ATMIN","s374_S_ADR_01_ASEReadCounter.table","NW_015090842.1:5820510",10,19,9
"ATMIN","s374_S_ADR_01_ASEReadCounter.table","NW_015090842.1:5820673",7,13,6
"ATMIN","s374_S_ADR_01_ASEReadCounter.table","NW_015090842.1:5820754",11,19,8
"ATMIN","s374_S_ADR_01_ASEReadCounter.table","NW_015090842.1:5820820",11,23,12
"ATMIN","s374_S_ADR_01_ASEReadCounter.table","NW_015090842.1:5820865",13,25,12
"ATMIN","s374_S_ADR_01_ASEReadCounter.table","NW_015090842.1:5820889",15,27,12
"ATMIN","s374_S_ADR_01_ASEReadCounter.table","NW_015090842.1:5820891",15,28,13
"ATMIN","s374_S_ADR_01_ASEReadCounter.table","NW_015090842.1:5820997",17,30,13
"ATMIN","s374_S_ADR_01_ASEReadCounter.table","NW_015090842.1:5821063",17,25,8
"ATMIN","s374_S_ADR_01_ASEReadCounter.table","NW_015090842.1:5821132",18,28,10
"ATMIN","s374_S_ADR_01_ASEReadCounter.table","NW_015090842.1:5821645",22,32,10
"ATMIN","s374_S_ADR_01_ASEReadCounter.table","NW_015090842.1:5825066",12,20,8
"ATMIN","s374_S_ADR_01_ASEReadCounter.table","NW_015090842.1:5825106",14,22,8
"ATMIN","s374_S_ADR_01_ASEReadCounter.table","NW_015090842.1:5825122",16,21,5
"ATMIN","s374_S_ADR_01_ASEReadCounter.table","NW_015090842.1:5825178",11,22,11
"ATMIN","s374_S_ADR_01_ASEReadCounter.table","NW_015090842.1:5825194",11,22,11
"ATMIN","s374_S_ADR_01_ASEReadCounter.table","NW_015090842.1:5825195",11,21,10
"ATMIN","s374_S_ADR_01_ASEReadCounter.table","NW_015090842.1:5825220",9,19,10
"ATMIN","s374_S_ADR_01_ASEReadCounter.table","NW_015090842.1:5825240",12,20,8
"ATMIN","s374_S_ADR_01_ASEReadCounter.table","NW_015090842.1:5825303",18,28,10
"ATMIN","s374_S_ADR_01_ASEReadCounter.table","NW_015090842.1:5825304",18,28,10
"ATMIN","s374_S_ADR_01_ASEReadCounter.table","NW_015090842.1:5825310",19,30,11
"ATMIN","s374_S_ADR_01_ASEReadCounter.table","NW_015090842.1:5825406",9,20,11
"ATMIN","s374_S_ADR_01_ASEReadCounter.table","NW_015090842.1:5825415",10,20,10
"ATMIN","s374_S_ADR_01_ASEReadCounter.table","NW_015090842.1:5825438",11,20,9
"ATMIN","s374_S_ADR_01_ASEReadCounter.table","NW_015090842.1:5825485",11,21,10
"ATMIN","s374_S_ADR_01_ASEReadCounter.table","NW_015090842.1:5825524",11,21,10
"ATMIN","s374_S_ADR_01_ASEReadCounter.table","NW_015090842.1:5825557",20,32,12
"ATMIN","s374_S_ADR_01_ASEReadCounter.table","NW_015090842.1:5825571",20,31,11
"ATMIN","s374_S_ADR_01_ASEReadCounter.table","NW_015090842.1:5825579",21,32,11
"ATMIN","s374_S_ADR_01_ASEReadCounter.table","NW_015090842.1:5825590",17,27,10
"ATMIN","s374_S_ADR_01_ASEReadCounter.table","NW_015090842.1:5825689",12,17,5
"ATMIN","s374_S_ADR_01_ASEReadCounter.table","NW_015090842.1:5825703",15,21,6
"ATMIN","s374_S_ADR_01_ASEReadCounter.table","NW_015090842.1:5825787",16,23,7
"ATMIN","s374_S_ADR_01_ASEReadCounter.table","NW_015090842.1:5825833",19,27,8
"ATMIN","s374_S_ADR_01_ASEReadCounter.table","NW_015090842.1:5825841",12,18,6
"ATMIN","s374_S_ADR_01_ASEReadCounter.table","NW_015090842.1:5825895",15,16,1
"ATMIN","s374_S_ADR_01_ASEReadCounter.table","NW_015090842.1:5825984",7,10,3
"ATMIN","s374_S_ADR_01_ASEReadCounter.table","NW_015090842.1:5826162",20,31,11
"ATMIN","s374_S_ADR_01_ASEReadCounter.table","NW_015090842.1:5826194",23,34,11
"ATMIN","s374_S_ADR_01_ASEReadCounter.table","NW_015090842.1:5826235",22,32,10
"ATMIN","s374_S_ADR_01_ASEReadCounter.table","NW_015090842.1:5826245",24,34,10
"ATMIN","s374_S_ADR_01_ASEReadCounter.table","NW_015090842.1:5826335",15,19,4
"ATMIN","s374_S_ADR_01_ASEReadCounter.table","NW_015090842.1:5826417",10,20,10
"ATMIN","s374_S_ADR_01_ASEReadCounter.table","NW_015090842.1:5826431",9,25,16
"ATMIN","s374_S_ADR_01_ASEReadCounter.table","NW_015090842.1:5826438",11,23,12
"ATMIN","s374_S_ADR_01_ASEReadCounter.table","NW_015090842.1:5826463",18,30,12
"ATMIN","s374_S_ADR_01_ASEReadCounter.table","NW_015090842.1:5826502",19,35,16
"ATMIN","s374_S_ADR_01_ASEReadCounter.table","NW_015090842.1:5826511",18,35,17
"ATMIN","s374_S_ADR_01_ASEReadCounter.table","NW_015090842.1:5826659",16,27,11
"ATMIN","s374_S_ADR_01_ASEReadCounter.table","NW_015090842.1:5826701",19,35,16
"ATMIN","s374_S_ADR_01_ASEReadCounter.table","NW_015090842.1:5826702",19,34,15
"ATMIN","s374_S_ADR_01_ASEReadCounter.table","NW_015090842.1:5826732",22,39,17
"ATMIN","s374_S_ADR_01_ASEReadCounter.table","NW_015090842.1:5826745",24,38,14
"ATMIN","s374_S_ADR_01_ASEReadCounter.table","NW_015090842.1:5826835",20,37,17
"ATMIN","s374_S_ADR_01_ASEReadCounter.table","NW_015090842.1:5826910",12,28,16
"ATMIN","s374_S_ADR_01_ASEReadCounter.table","NW_015090842.1:5826942",11,29,18
"ATMIN","s374_S_ADR_01_ASEReadCounter.table","NW_015090842.1:5827193",14,30,16
"ATMIN","s374_S_ADR_01_ASEReadCounter.table","NW_015090842.1:5827196",13,30,17
"ATMIN","s374_S_ADR_01_ASEReadCounter.table","NW_015090842.1:5827269",25,39,14
"ATMIN","s374_S_ADR_01_ASEReadCounter.table","NW_015090842.1:5827315",18,30,12
"ATMIN","s374_S_ADR_01_ASEReadCounter.table","NW_015090842.1:5827316",18,31,13
"ATMIN","s374_S_ADR_01_ASEReadCounter.table","NW_015090842.1:5827333",19,30,11
"PPP1R3E","s374_S_ADR_01_ASEReadCounter.table","NW_015090842.1:5837733",11,19,8
"PPP1R3E","s374_S_ADR_01_ASEReadCounter.table","NW_015090842.1:5837947",9,20,11
"PKD1L2","s374_S_ADR_01_ASEReadCounter.table","NW_015090842.1:5867509",4,5,1
"PKD1L2","s374_S_ADR_01_ASEReadCounter.table","NW_015090842.1:5867597",1,1,0
"PKD1L2","s374_S_ADR_01_ASEReadCounter.table","NW_015090842.1:5867600",1,1,0
"PKD1L2","s374_S_ADR_01_ASEReadCounter.table","NW_015090842.1:5867660",1,2,1
"PKD1L2","s374_S_ADR_01_ASEReadCounter.table","NW_015090842.1:5867675",1,2,1
"PKD1L2","s374_S_ADR_01_ASEReadCounter.table","NW_015090842.1:5867788",1,2,1
"PKD1L2","s374_S_ADR_01_ASEReadCounter.table","NW_015090842.1:5867843",2,3,1
"BCO1","s374_S_ADR_01_ASEReadCounter.table","NW_015090842.1:5915610",3,3,0
"BCO1","s374_S_ADR_01_ASEReadCounter.table","NW_015090842.1:5915646",4,4,0
"BCO1","s374_S_ADR_01_ASEReadCounter.table","NW_015090842.1:5917836",3,3,0
"BCO1","s374_S_ADR_01_ASEReadCounter.table","NW_015090842.1:5917912",26,38,12
"BCO1","s374_S_ADR_01_ASEReadCounter.table","NW_015090842.1:5917941",32,47,15
"BCO1","s374_S_ADR_01_ASEReadCounter.table","NW_015090842.1:5917971",36,51,15
"BCO1","s374_S_ADR_01_ASEReadCounter.table","NW_015090842.1:5921679",30,51,21
"BCO1","s374_S_ADR_01_ASEReadCounter.table","NW_015090842.1:5921726",40,60,20
"BCO1","s374_S_ADR_01_ASEReadCounter.table","NW_015090842.1:5925669",23,34,11
"BCO1","s374_S_ADR_01_ASEReadCounter.table","NW_015090842.1:5925753",32,44,12
"BCO1","s374_S_ADR_01_ASEReadCounter.table","NW_015090842.1:5926937",21,39,18
"BCO1","s374_S_ADR_01_ASEReadCounter.table","NW_015090842.1:5927921",30,46,16
"BCO1","s374_S_ADR_01_ASEReadCounter.table","NW_015090842.1:5927948",28,45,17
"BCO1","s374_S_ADR_01_ASEReadCounter.table","NW_015090842.1:5927968",27,42,15
"BCO1","s374_S_ADR_01_ASEReadCounter.table","NW_015090842.1:5928052",26,38,12
"BCO1","s374_S_ADR_01_ASEReadCounter.table","NW_015090842.1:5932726",32,65,33
"BCO1","s374_S_ADR_01_ASEReadCounter.table","NW_015090842.1:5932801",33,55,22
"BCO1","s374_S_ADR_01_ASEReadCounter.table","NW_015090842.1:5934558",14,21,7
"BCO1","s374_S_ADR_01_ASEReadCounter.table","NW_015090842.1:5934575",16,24,8
"BCO1","s374_S_ADR_01_ASEReadCounter.table","NW_015090842.1:5934608",18,29,11
"BCO1","s374_S_ADR_01_ASEReadCounter.table","NW_015090842.1:5934647",18,30,12
"BCO1","s374_S_ADR_01_ASEReadCounter.table","NW_015090842.1:5934725",15,22,7
"BCO1","s374_S_ADR_01_ASEReadCounter.table","NW_015090842.1:5934726",15,22,7
"BCO1","s374_S_ADR_01_ASEReadCounter.table","NW_015090842.1:5934733",19,27,8
"BCO1","s374_S_ADR_01_ASEReadCounter.table","NW_015090842.1:5934821",17,24,7
"BCO1","s374_S_ADR_01_ASEReadCounter.table","NW_015090842.1:5934826",15,23,8
"BCO1","s374_S_ADR_01_ASEReadCounter.table","NW_015090842.1:5934844",10,15,5
"BCO1","s374_S_ADR_01_ASEReadCounter.table","NW_015090842.1:5934958",16,19,3
"BCO1","s374_S_ADR_01_ASEReadCounter.table","NW_015090842.1:5934976",16,19,3
"GAN","s374_S_ADR_01_ASEReadCounter.table","NW_015090842.1:5953759",5,19,14
"GAN","s374_S_ADR_01_ASEReadCounter.table","NW_015090842.1:5957502",13,23,10
"GAN","s374_S_ADR_01_ASEReadCounter.table","NW_015090842.1:5957578",13,19,6
"GAN","s374_S_ADR_01_ASEReadCounter.table","NW_015090842.1:5965028",10,27,17
"GAN","s374_S_ADR_01_ASEReadCounter.table","NW_015090842.1:5966047",4,13,9
"GAN","s374_S_ADR_01_ASEReadCounter.table","NW_015090842.1:5966126",4,17,13
"GAN","s374_S_ADR_01_ASEReadCounter.table","NW_015090842.1:5966127",4,17,13
"GAN","s374_S_ADR_01_ASEReadCounter.table","NW_015090842.1:5966162",12,30,18
"GAN","s374_S_ADR_01_ASEReadCounter.table","NW_015090842.1:5966483",18,33,15
"CMIP","s374_S_ADR_01_ASEReadCounter.table","NW_015090842.1:6109159",13,23,10
"CMIP","s374_S_ADR_01_ASEReadCounter.table","NW_015090842.1:6109166",13,21,8
"CMIP","s374_S_ADR_01_ASEReadCounter.table","NW_015090842.1:6114641",22,38,16
"CMIP","s374_S_ADR_01_ASEReadCounter.table","NW_015090842.1:6114751",15,25,10
"CMIP","s374_S_ADR_01_ASEReadCounter.table","NW_015090842.1:6114824",13,31,18
"CMIP","s374_S_ADR_01_ASEReadCounter.table","NW_015090842.1:6128998",19,28,9
"CMIP","s374_S_ADR_01_ASEReadCounter.table","NW_015090842.1:6130562",24,53,29
"CMIP","s374_S_ADR_01_ASEReadCounter.table","NW_015090842.1:6132522",19,36,17
"CMIP","s374_S_ADR_01_ASEReadCounter.table","NW_015090842.1:6134088",26,36,10
"CMIP","s374_S_ADR_01_ASEReadCounter.table","NW_015090842.1:6138265",25,48,23
"CMIP","s374_S_ADR_01_ASEReadCounter.table","NW_015090842.1:6138300",31,58,27
"CMIP","s374_S_ADR_01_ASEReadCounter.table","NW_015090842.1:6138342",24,48,24
"CMIP","s374_S_ADR_01_ASEReadCounter.table","NW_015090842.1:6138343",24,48,24
"CMIP","s374_S_ADR_01_ASEReadCounter.table","NW_015090842.1:6138345",25,49,24
"CMIP","s374_S_ADR_01_ASEReadCounter.table","NW_015090842.1:6138647",25,38,13
"CMIP","s374_S_ADR_01_ASEReadCounter.table","NW_015090842.1:6138745",27,40,13
"CMIP","s374_S_ADR_01_ASEReadCounter.table","NW_015090842.1:6138832",4,16,12
"CMIP","s374_S_ADR_01_ASEReadCounter.table","NW_015090842.1:6138967",16,27,11
"CMIP","s374_S_ADR_01_ASEReadCounter.table","NW_015090842.1:6139131",7,15,8
"CMIP","s374_S_ADR_01_ASEReadCounter.table","NW_015090842.1:6139163",2,10,8
"CMIP","s374_S_ADR_01_ASEReadCounter.table","NW_015090842.1:6139360",5,8,3
"CMIP","s374_S_ADR_01_ASEReadCounter.table","NW_015090842.1:6139572",4,7,3
"CMIP","s374_S_ADR_01_ASEReadCounter.table","NW_015090842.1:6139773",10,14,4
"PLCG2","s374_S_ADR_01_ASEReadCounter.table","NW_015090842.1:6179613",4,13,9
"PLCG2","s374_S_ADR_01_ASEReadCounter.table","NW_015090842.1:6179658",5,17,12
"PLCG2","s374_S_ADR_01_ASEReadCounter.table","NW_015090842.1:6203766",3,42,39
"PLCG2","s374_S_ADR_01_ASEReadCounter.table","NW_015090842.1:6203775",3,43,40
"PLCG2","s374_S_ADR_01_ASEReadCounter.table","NW_015090842.1:6203787",4,42,38
"PLCG2","s374_S_ADR_01_ASEReadCounter.table","NW_015090842.1:6205047",7,53,46
"PLCG2","s374_S_ADR_01_ASEReadCounter.table","NW_015090842.1:6208541",3,36,33
"PLCG2","s374_S_ADR_01_ASEReadCounter.table","NW_015090842.1:6209741",8,41,33
"PLCG2","s374_S_ADR_01_ASEReadCounter.table","NW_015090842.1:6209798",6,39,33
"PLCG2","s374_S_ADR_01_ASEReadCounter.table","NW_015090842.1:6209816",6,37,31
"PLCG2","s374_S_ADR_01_ASEReadCounter.table","NW_015090842.1:6217547",11,55,44
"PLCG2","s374_S_ADR_01_ASEReadCounter.table","NW_015090842.1:6218641",7,40,33
"PLCG2","s374_S_ADR_01_ASEReadCounter.table","NW_015090842.1:6220552",8,53,45
"PLCG2","s374_S_ADR_01_ASEReadCounter.table","NW_015090842.1:6221969",11,55,44
"PLCG2","s374_S_ADR_01_ASEReadCounter.table","NW_015090842.1:6228672",6,39,33
"PLCG2","s374_S_ADR_01_ASEReadCounter.table","NW_015090842.1:6228694",6,31,25
"PLCG2","s374_S_ADR_01_ASEReadCounter.table","NW_015090842.1:6228722",3,33,30
"PLCG2","s374_S_ADR_01_ASEReadCounter.table","NW_015090842.1:6228747",2,39,37
"PLCG2","s374_S_ADR_01_ASEReadCounter.table","NW_015090842.1:6228835",4,40,36
"PLCG2","s374_S_ADR_01_ASEReadCounter.table","NW_015090842.1:6228841",4,42,38
"PLCG2","s374_S_ADR_01_ASEReadCounter.table","NW_015090842.1:6228865",5,43,38
"PLCG2","s374_S_ADR_01_ASEReadCounter.table","NW_015090842.1:6228917",8,42,34
"PLCG2","s374_S_ADR_01_ASEReadCounter.table","NW_015090842.1:6228926",8,46,38
"PLCG2","s374_S_ADR_01_ASEReadCounter.table","NW_015090842.1:6228954",6,38,32
"PLCG2","s374_S_ADR_01_ASEReadCounter.table","NW_015090842.1:6229002",6,39,33
"PLCG2","s374_S_ADR_01_ASEReadCounter.table","NW_015090842.1:6229006",6,39,33
"PLCG2","s374_S_ADR_01_ASEReadCounter.table","NW_015090842.1:6229081",5,27,22
"PLCG2","s374_S_ADR_01_ASEReadCounter.table","NW_015090842.1:6229097",3,20,17
"PLCG2","s374_S_ADR_01_ASEReadCounter.table","NW_015090842.1:6229160",6,18,12
"PLCG2","s374_S_ADR_01_ASEReadCounter.table","NW_015090842.1:6229213",8,24,16
"PLCG2","s374_S_ADR_01_ASEReadCounter.table","NW_015090842.1:6229231",10,29,19
"PLCG2","s374_S_ADR_01_ASEReadCounter.table","NW_015090842.1:6229663",13,30,17
"PLCG2","s374_S_ADR_01_ASEReadCounter.table","NW_015090842.1:6229748",17,40,23
"PLCG2","s374_S_ADR_01_ASEReadCounter.table","NW_015090842.1:6229892",14,28,14
"PLCG2","s374_S_ADR_01_ASEReadCounter.table","NW_015090842.1:6230248",11,23,12
"PLCG2","s374_S_ADR_01_ASEReadCounter.table","NW_015090842.1:6230255",11,27,16
"PLCG2","s374_S_ADR_01_ASEReadCounter.table","NW_015090842.1:6230296",4,19,15
"PLCG2","s374_S_ADR_01_ASEReadCounter.table","NW_015090842.1:6230349",11,28,17
"PLCG2","s374_S_ADR_01_ASEReadCounter.table","NW_015090842.1:6230381",10,21,11
"PLCG2","s374_S_ADR_01_ASEReadCounter.table","NW_015090842.1:6230408",13,26,13
"PLCG2","s374_S_ADR_01_ASEReadCounter.table","NW_015090842.1:6230439",10,25,15
"PLCG2","s374_S_ADR_01_ASEReadCounter.table","NW_015090842.1:6230757",2,13,11
"PLCG2","s374_S_ADR_01_ASEReadCounter.table","NW_015090842.1:6230758",2,12,10
"PLCG2","s374_S_ADR_01_ASEReadCounter.table","NW_015090842.1:6230898",12,22,10
"PLCG2","s374_S_ADR_01_ASEReadCounter.table","NW_015090842.1:6230976",12,21,9
"PLCG2","s374_S_ADR_01_ASEReadCounter.table","NW_015090842.1:6231078",10,24,14
"PLCG2","s374_S_ADR_01_ASEReadCounter.table","NW_015090842.1:6231138",11,28,17
"PLCG2","s374_S_ADR_01_ASEReadCounter.table","NW_015090842.1:6231177",11,26,15
"PLCG2","s374_S_ADR_01_ASEReadCounter.table","NW_015090842.1:6231263",10,17,7
"PLCG2","s374_S_ADR_01_ASEReadCounter.table","NW_015090842.1:6231309",4,8,4
"SDR42E1","s374_S_ADR_01_ASEReadCounter.table","NW_015090842.1:6235292",0,1,1
"SDR42E1","s374_S_ADR_01_ASEReadCounter.table","NW_015090842.1:6235315",0,4,4
"SDR42E1","s374_S_ADR_01_ASEReadCounter.table","NW_015090842.1:6235348",0,4,4
"SDR42E1","s374_S_ADR_01_ASEReadCounter.table","NW_015090842.1:6235355",0,5,5
"SDR42E1","s374_S_ADR_01_ASEReadCounter.table","NW_015090842.1:6235417",0,6,6
"SDR42E1","s374_S_ADR_01_ASEReadCounter.table","NW_015090842.1:6235526",14,14,0
"SDR42E1","s374_S_ADR_01_ASEReadCounter.table","NW_015090842.1:6235558",5,17,12
"SDR42E1","s374_S_ADR_01_ASEReadCounter.table","NW_015090842.1:6235603",11,11,0
"SDR42E1","s374_S_ADR_01_ASEReadCounter.table","NW_015090842.1:6235741",1,7,6
"SDR42E1","s374_S_ADR_01_ASEReadCounter.table","NW_015090842.1:6235777",1,7,6
"SDR42E1","s374_S_ADR_01_ASEReadCounter.table","NW_015090842.1:6235806",3,18,15
"SDR42E1","s374_S_ADR_01_ASEReadCounter.table","NW_015090842.1:6235809",3,17,14
"SDR42E1","s374_S_ADR_01_ASEReadCounter.table","NW_015090842.1:6235816",3,17,14
"SDR42E1","s374_S_ADR_01_ASEReadCounter.table","NW_015090842.1:6235914",3,23,20
"SDR42E1","s374_S_ADR_01_ASEReadCounter.table","NW_015090842.1:6235935",2,20,18
"SDR42E1","s374_S_ADR_01_ASEReadCounter.table","NW_015090842.1:6235957",2,19,17
"SDR42E1","s374_S_ADR_01_ASEReadCounter.table","NW_015090842.1:6236040",0,10,10
"SDR42E1","s374_S_ADR_01_ASEReadCounter.table","NW_015090842.1:6236260",2,26,24
"SDR42E1","s374_S_ADR_01_ASEReadCounter.table","NW_015090842.1:6236281",2,27,25
"SDR42E1","s374_S_ADR_01_ASEReadCounter.table","NW_015090842.1:6236305",0,26,26
"SDR42E1","s374_S_ADR_01_ASEReadCounter.table","NW_015090842.1:6236458",1,13,12
"SDR42E1","s374_S_ADR_01_ASEReadCounter.table","NW_015090842.1:6236476",1,19,18
"SDR42E1","s374_S_ADR_01_ASEReadCounter.table","NW_015090842.1:6236608",3,17,14
"SDR42E1","s374_S_ADR_01_ASEReadCounter.table","NW_015090842.1:6238244",4,8,4
"SDR42E1","s374_S_ADR_01_ASEReadCounter.table","NW_015090842.1:6238829",1,6,5
"HSD17B2","s374_S_ADR_01_ASEReadCounter.table","NW_015090842.1:6257616",0,2,2
"HSD17B2","s374_S_ADR_01_ASEReadCounter.table","NW_015090842.1:6257670",0,2,2
"HSD17B2","s374_S_ADR_01_ASEReadCounter.table","NW_015090842.1:6257684",0,2,2
"HSD17B2","s374_S_ADR_01_ASEReadCounter.table","NW_015090842.1:6257829",0,6,6
"HSD17B2","s374_S_ADR_01_ASEReadCounter.table","NW_015090842.1:6262951",0,5,5
"HSD17B2","s374_S_ADR_01_ASEReadCounter.table","NW_015090842.1:6262974",0,6,6
"HSD17B2","s374_S_ADR_01_ASEReadCounter.table","NW_015090842.1:6266125",0,5,5
"HSD17B2","s374_S_ADR_01_ASEReadCounter.table","NW_015090842.1:6266135",0,5,5
"HSD17B2","s374_S_ADR_01_ASEReadCounter.table","NW_015090842.1:6266795",0,4,4
"HSD17B2","s374_S_ADR_01_ASEReadCounter.table","NW_015090842.1:6266918",0,2,2
"HSD17B2","s374_S_ADR_01_ASEReadCounter.table","NW_015090842.1:6266944",0,2,2
"HSD17B2","s374_S_ADR_01_ASEReadCounter.table","NW_015090842.1:6266997",0,1,1
"HSD17B2","s374_S_ADR_01_ASEReadCounter.table","NW_015090842.1:6267053",0,2,2
"HSD17B2","s374_S_ADR_01_ASEReadCounter.table","NW_015090842.1:6267196",0,4,4
"HSD17B2","s374_S_ADR_01_ASEReadCounter.table","NW_015090842.1:6267273",0,4,4
"HSD17B2","s374_S_ADR_01_ASEReadCounter.table","NW_015090842.1:6267358",0,5,5
"HSD17B2","s374_S_ADR_01_ASEReadCounter.table","NW_015090842.1:6267674",0,6,6
"HSD17B2","s374_S_ADR_01_ASEReadCounter.table","NW_015090842.1:6267913",0,5,5
"HSD17B2","s374_S_ADR_01_ASEReadCounter.table","NW_015090842.1:6268098",0,8,8
"HSD17B2","s374_S_ADR_01_ASEReadCounter.table","NW_015090842.1:6268180",5,5,0
"HSD17B2","s374_S_ADR_01_ASEReadCounter.table","NW_015090842.1:6268203",0,6,6
"ARY2","s374_S_ADR_01_ASEReadCounter.table","NW_015090842.1:6303922",15,35,20
"ARY2","s374_S_ADR_01_ASEReadCounter.table","NW_015090842.1:6303954",20,57,37
"ARY2","s374_S_ADR_01_ASEReadCounter.table","NW_015090842.1:6303979",23,68,45
"ARY2","s374_S_ADR_01_ASEReadCounter.table","NW_015090842.1:6305848",23,71,48
"ARY2","s374_S_ADR_01_ASEReadCounter.table","NW_015090842.1:6305856",22,70,48
"ARY2","s374_S_ADR_01_ASEReadCounter.table","NW_015090842.1:6305857",22,69,47
"ARY2","s374_S_ADR_01_ASEReadCounter.table","NW_015090842.1:6306017",22,71,49
"ARY2","s374_S_ADR_01_ASEReadCounter.table","NW_015090842.1:6306052",22,58,36
"ARY2","s374_S_ADR_01_ASEReadCounter.table","NW_015090842.1:6306094",24,76,52
"ARY2","s374_S_ADR_01_ASEReadCounter.table","NW_015090842.1:6306100",25,78,53
"ARY2","s374_S_ADR_01_ASEReadCounter.table","NW_015090842.1:6306146",21,68,47
"ARY2","s374_S_ADR_01_ASEReadCounter.table","NW_015090842.1:6306147",22,67,45
"ARY2","s374_S_ADR_01_ASEReadCounter.table","NW_015090842.1:6306390",19,60,41
"ARY2","s374_S_ADR_01_ASEReadCounter.table","NW_015090842.1:6306567",12,47,35
"ARY2","s374_S_ADR_01_ASEReadCounter.table","NW_015090842.1:6306705",18,43,25
"ARY2","s374_S_ADR_01_ASEReadCounter.table","NW_015090842.1:6306713",39,39,0
"ARY2","s374_S_ADR_01_ASEReadCounter.table","NW_015090842.1:6306773",26,58,32
"ARY2","s374_S_ADR_01_ASEReadCounter.table","NW_015090842.1:6307039",16,44,28
"ARY2","s374_S_ADR_01_ASEReadCounter.table","NW_015090842.1:6307043",15,43,28
"ARY2","s374_S_ADR_01_ASEReadCounter.table","NW_015090842.1:6307093",16,43,27
"ARY2","s374_S_ADR_01_ASEReadCounter.table","NW_015090842.1:6307138",19,46,27
"ARY2","s374_S_ADR_01_ASEReadCounter.table","NW_015090842.1:6307157",22,44,22
"ARY2","s374_S_ADR_01_ASEReadCounter.table","NW_015090842.1:6307187",23,42,19
"ARY2","s374_S_ADR_01_ASEReadCounter.table","NW_015090842.1:6307278",19,39,20
"ARY2","s374_S_ADR_01_ASEReadCounter.table","NW_015090842.1:6307305",17,37,20
"ARY2","s374_S_ADR_01_ASEReadCounter.table","NW_015090842.1:6307318",16,42,26
"ARY2","s374_S_ADR_01_ASEReadCounter.table","NW_015090842.1:6307429",14,52,38
"ARY2","s374_S_ADR_01_ASEReadCounter.table","NW_015090842.1:6307487",9,47,38
"ARY2","s374_S_ADR_01_ASEReadCounter.table","NW_015090842.1:6307670",9,25,16
"ARYL","s374_S_ADR_01_ASEReadCounter.table","NW_015090842.1:6313360",0,2,2
"ARYL","s374_S_ADR_01_ASEReadCounter.table","NW_015090842.1:6313377",0,2,2
"ARYL","s374_S_ADR_01_ASEReadCounter.table","NW_015090842.1:6313767",1,1,0
"ARY1","s374_S_ADR_01_ASEReadCounter.table","NW_015090842.1:6313909",2,2,0
"ARY1","s374_S_ADR_01_ASEReadCounter.table","NW_015090842.1:6314296",0,1,1
"ARY1","s374_S_ADR_01_ASEReadCounter.table","NW_015090842.1:6314541",0,1,1
"ARY1","s374_S_ADR_01_ASEReadCounter.table","NW_015090842.1:6314597",1,3,2
"ARY1","s374_S_ADR_01_ASEReadCounter.table","NW_015090842.1:6314750",0,2,2
"ARY1","s374_S_ADR_01_ASEReadCounter.table","NW_015090842.1:6314794",0,3,3
"ARY1","s374_S_ADR_01_ASEReadCounter.table","NW_015090842.1:6314827",2,5,3
"ARY1","s374_S_ADR_01_ASEReadCounter.table","NW_015090842.1:6314843",3,3,0
"ARY1","s374_S_ADR_01_ASEReadCounter.table","NW_015090842.1:6314859",2,4,2
"ARY1","s374_S_ADR_01_ASEReadCounter.table","NW_015090842.1:6314886",2,3,1
"ARY1","s374_S_ADR_01_ASEReadCounter.table","NW_015090842.1:6314943",2,2,0
"ARY1","s374_S_ADR_01_ASEReadCounter.table","NW_015090842.1:6314949",2,2,0
"ARY1","s374_S_ADR_01_ASEReadCounter.table","NW_015090842.1:6315022",3,3,0
"ARY1","s374_S_ADR_01_ASEReadCounter.table","NW_015090842.1:6315026",4,4,0
"ARY1","s374_S_ADR_01_ASEReadCounter.table","NW_015090842.1:6315043",3,3,0
"ARY1","s374_S_ADR_01_ASEReadCounter.table","NW_015090842.1:6315065",2,2,0
"ARY1","s374_S_ADR_01_ASEReadCounter.table","NW_015090842.1:6315479",0,1,1
"ARY1","s374_S_ADR_01_ASEReadCounter.table","NW_015090842.1:6318342",7,8,1
"ARY1","s374_S_ADR_01_ASEReadCounter.table","NW_015090842.1:6318427",6,10,4
"ARY1","s374_S_ADR_01_ASEReadCounter.table","NW_015090842.1:6318603",3,7,4
"ARY1","s374_S_ADR_01_ASEReadCounter.table","NW_015090842.1:6318708",1,1,0
"ARY1","s374_S_ADR_01_ASEReadCounter.table","NW_015090842.1:6318858",3,6,3
"ARY1","s374_S_ADR_01_ASEReadCounter.table","NW_015090842.1:6318952",5,7,2
"MPHOSPH6","s374_S_ADR_01_ASEReadCounter.table","NW_015090842.1:6324063",24,57,33
"MPHOSPH6","s374_S_ADR_01_ASEReadCounter.table","NW_015090842.1:6324174",42,114,72
"MPHOSPH6","s374_S_ADR_01_ASEReadCounter.table","NW_015090842.1:6324270",62,154,92
"MPHOSPH6","s374_S_ADR_01_ASEReadCounter.table","NW_015090842.1:6324762",94,180,86
"MPHOSPH6","s374_S_ADR_01_ASEReadCounter.table","NW_015090842.1:6324772",87,157,70
"MPHOSPH6","s374_S_ADR_01_ASEReadCounter.table","NW_015090842.1:6324780",83,152,69
"MPHOSPH6","s374_S_ADR_01_ASEReadCounter.table","NW_015090842.1:6324902",105,201,96
"MPHOSPH6","s374_S_ADR_01_ASEReadCounter.table","NW_015090842.1:6324910",207,207,0
"MPHOSPH6","s374_S_ADR_01_ASEReadCounter.table","NW_015090842.1:6325066",99,209,110
"MPHOSPH6","s374_S_ADR_01_ASEReadCounter.table","NW_015090842.1:6325089",122,253,131
"MPHOSPH6","s374_S_ADR_01_ASEReadCounter.table","NW_015090842.1:6325298",165,323,158
"MPHOSPH6","s374_S_ADR_01_ASEReadCounter.table","NW_015090842.1:6325877",126,253,127
"MPHOSPH6","s374_S_ADR_01_ASEReadCounter.table","NW_015090842.1:6326976",92,183,91
"CDH13","s374_S_ADR_01_ASEReadCounter.table","NW_015090842.1:6662283",64,96,32
"CDH13","s374_S_ADR_01_ASEReadCounter.table","NW_015090842.1:6693665",61,102,41
"CDH13","s374_S_ADR_01_ASEReadCounter.table","NW_015090842.1:6693697",50,86,36
"CDH13","s374_S_ADR_01_ASEReadCounter.table","NW_015090842.1:6693712",41,74,33
"CDH13","s374_S_ADR_01_ASEReadCounter.table","NW_015090842.1:6693723",37,70,33
"CDH13","s374_S_ADR_01_ASEReadCounter.table","NW_015090842.1:6693738",40,71,31
"CDH13","s374_S_ADR_01_ASEReadCounter.table","NW_015090842.1:6823730",68,99,31
"CDH13","s374_S_ADR_01_ASEReadCounter.table","NW_015090842.1:6889713",76,100,24
"CDH13","s374_S_ADR_01_ASEReadCounter.table","NW_015090842.1:6955167",62,92,30
"MLYCD","s374_S_ADR_01_ASEReadCounter.table","NW_015090842.1:7150054",15,42,27
"MLYCD","s374_S_ADR_01_ASEReadCounter.table","NW_015090842.1:7150131",30,84,54
"MLYCD","s374_S_ADR_01_ASEReadCounter.table","NW_015090842.1:7150585",32,62,30
"MLYCD","s374_S_ADR_01_ASEReadCounter.table","NW_015090842.1:7150686",28,52,24
"MLYCD","s374_S_ADR_01_ASEReadCounter.table","NW_015090842.1:7150696",33,60,27
"MLYCD","s374_S_ADR_01_ASEReadCounter.table","NW_015090842.1:7150698",59,59,0
"MLYCD","s374_S_ADR_01_ASEReadCounter.table","NW_015090842.1:7150869",41,75,34
"MLYCD","s374_S_ADR_01_ASEReadCounter.table","NW_015090842.1:7151100",35,74,39
"MLYCD","s374_S_ADR_01_ASEReadCounter.table","NW_015090842.1:7151127",37,79,42
"MLYCD","s374_S_ADR_01_ASEReadCounter.table","NW_015090842.1:7157538",35,76,41
"MLYCD","s374_S_ADR_01_ASEReadCounter.table","NW_015090842.1:7167662",21,50,29
"MLYCD","s374_S_ADR_01_ASEReadCounter.table","NW_015090842.1:7167675",21,47,26
"MLYCD","s374_S_ADR_01_ASEReadCounter.table","NW_015090842.1:7167710",16,38,22
"MLYCD","s374_S_ADR_01_ASEReadCounter.table","NW_015090842.1:7167781",11,36,25
"MLYCD","s374_S_ADR_01_ASEReadCounter.table","NW_015090842.1:7167803",10,22,12
"MLYCD","s374_S_ADR_01_ASEReadCounter.table","NW_015090842.1:7167812",7,22,15
"MLYCD","s374_S_ADR_01_ASEReadCounter.table","NW_015090842.1:7167845",11,28,17
"MLYCD","s374_S_ADR_01_ASEReadCounter.table","NW_015090842.1:7167862",9,24,15
"MLYCD","s374_S_ADR_01_ASEReadCounter.table","NW_015090842.1:7167929",10,22,12
"MLYCD","s374_S_ADR_01_ASEReadCounter.table","NW_015090842.1:7167995",13,22,9
"MLYCD","s374_S_ADR_01_ASEReadCounter.table","NW_015090842.1:7168005",11,21,10
"MLYCD","s374_S_ADR_01_ASEReadCounter.table","NW_015090842.1:7168037",12,21,9
"HSBP1","s374_S_ADR_01_ASEReadCounter.table","NW_015090842.1:7245192",125,255,130
"HSBP1","s374_S_ADR_01_ASEReadCounter.table","NW_015090842.1:7245226",141,315,174
"HSBP1","s374_S_ADR_01_ASEReadCounter.table","NW_015090842.1:7245257",125,274,149
"HSBP1","s374_S_ADR_01_ASEReadCounter.table","NW_015090842.1:7245296",117,269,152
"HSBP1","s374_S_ADR_01_ASEReadCounter.table","NW_015090842.1:7245389",204,394,190
"HSBP1","s374_S_ADR_01_ASEReadCounter.table","NW_015090842.1:7245400",209,377,168
"HSBP1","s374_S_ADR_01_ASEReadCounter.table","NW_015090842.1:7245445",203,390,187
"HSBP1","s374_S_ADR_01_ASEReadCounter.table","NW_015090842.1:7245495",176,349,173
"HSBP1","s374_S_ADR_01_ASEReadCounter.table","NW_015090842.1:7245515",186,370,184
"HSBP1","s374_S_ADR_01_ASEReadCounter.table","NW_015090842.1:7245733",134,277,143
"HSBP1","s374_S_ADR_01_ASEReadCounter.table","NW_015090842.1:7245771",136,263,127
"HSBP1","s374_S_ADR_01_ASEReadCounter.table","NW_015090842.1:7245813",133,252,119
"HSBP1","s374_S_ADR_01_ASEReadCounter.table","NW_015090842.1:7245926",159,297,138
"HSBP1","s374_S_ADR_01_ASEReadCounter.table","NW_015090842.1:7245927",160,297,137
"HSBP1","s374_S_ADR_01_ASEReadCounter.table","NW_015090842.1:7245933",157,283,126
"HSBP1","s374_S_ADR_01_ASEReadCounter.table","NW_015090842.1:7246002",104,244,140
"HSBP1","s374_S_ADR_01_ASEReadCounter.table","NW_015090842.1:7246094",148,303,155
"HSBP1","s374_S_ADR_01_ASEReadCounter.table","NW_015090842.1:7246167",168,337,169
"HSBP1","s374_S_ADR_01_ASEReadCounter.table","NW_015090842.1:7246183",164,344,180
"HSBP1","s374_S_ADR_01_ASEReadCounter.table","NW_015090842.1:7247285",39,50,11
"HSBP1","s374_S_ADR_01_ASEReadCounter.table","NW_015090842.1:7247651",329,673,344
"HSBP1","s374_S_ADR_01_ASEReadCounter.table","NW_015090842.1:7247657",338,696,358
"HSBP1","s374_S_ADR_01_ASEReadCounter.table","NW_015090842.1:7248520",236,453,217
"HSBP1","s374_S_ADR_01_ASEReadCounter.table","NW_015090842.1:7248535",207,391,184
"KCNG4","s374_S_ADR_01_ASEReadCounter.table","NW_015090842.1:7282579",0,1,1
"KCNG4","s374_S_ADR_01_ASEReadCounter.table","NW_015090842.1:7282630",1,2,1
"KCNG4","s374_S_ADR_01_ASEReadCounter.table","NW_015090842.1:7282760",0,1,1
"KCNG4","s374_S_ADR_01_ASEReadCounter.table","NW_015090842.1:7283056",3,5,2
"KCNG4","s374_S_ADR_01_ASEReadCounter.table","NW_015090842.1:7283245",1,5,4
"KCNG4","s374_S_ADR_01_ASEReadCounter.table","NW_015090842.1:7299491",1,2,1
"WFDC1","s374_S_ADR_01_ASEReadCounter.table","NW_015090842.1:7366517",15,39,24
"ATP2C2","s374_S_ADR_01_ASEReadCounter.table","NW_015090842.1:7413747",3,7,4
"TLDC1","s374_S_ADR_01_ASEReadCounter.table","NW_015090842.1:7421997",66,126,60
"COTL1","s374_S_ADR_01_ASEReadCounter.table","NW_015090842.1:7490707",262,508,246
"COTL1","s374_S_ADR_01_ASEReadCounter.table","NW_015090842.1:7490708",265,511,246
"COTL1","s374_S_ADR_01_ASEReadCounter.table","NW_015090842.1:7490711",270,520,250
"COTL1","s374_S_ADR_01_ASEReadCounter.table","NW_015090842.1:7490739",258,500,242
"COTL1","s374_S_ADR_01_ASEReadCounter.table","NW_015090842.1:7490785",282,519,237
"COTL1","s374_S_ADR_01_ASEReadCounter.table","NW_015090842.1:7490820",24,314,290
"COTL1","s374_S_ADR_01_ASEReadCounter.table","NW_015090842.1:7490846",496,496,0
"KLHL36","s374_S_ADR_01_ASEReadCounter.table","NW_015090842.1:7526337",10,22,12
"KLHL36","s374_S_ADR_01_ASEReadCounter.table","NW_015090842.1:7537681",33,33,0
"USP10","s374_S_ADR_01_ASEReadCounter.table","NW_015090842.1:7572213",86,168,82
"USP10","s374_S_ADR_01_ASEReadCounter.table","NW_015090842.1:7572358",127,127,0
"CRISPLD2","s374_S_ADR_01_ASEReadCounter.table","NW_015090842.1:7619796",126,223,97
"CRISPLD2","s374_S_ADR_01_ASEReadCounter.table","NW_015090842.1:7630779",257,257,0
"CRISPLD2","s374_S_ADR_01_ASEReadCounter.table","NW_015090842.1:7633611",364,364,0
"CRISPLD2","s374_S_ADR_01_ASEReadCounter.table","NW_015090842.1:7633787",182,381,199
"CRISPLD2","s374_S_ADR_01_ASEReadCounter.table","NW_015090842.1:7634023",107,247,140
"CRISPLD2","s374_S_ADR_01_ASEReadCounter.table","NW_015090842.1:7634620",295,296,1
"CRISPLD2","s374_S_ADR_01_ASEReadCounter.table","NW_015090842.1:7636315",23,54,31
"LOC106888312","s374_S_ADR_01_ASEReadCounter.table","NW_015090842.1:7732198",2,2,0
"MTHFSD","s374_S_ADR_01_ASEReadCounter.table","NW_015090842.1:8152578",16,24,8
"DUSP15","s374_S_ADR_01_ASEReadCounter.table","NW_015090842.1:8422840",1,3,2
"DUSP15","s374_S_ADR_01_ASEReadCounter.table","NW_015090842.1:8431988",0,5,5
"EMC8","s374_S_ADR_01_ASEReadCounter.table","NW_015090842.1:8452385",17,31,14
"GINS2","s374_S_ADR_01_ASEReadCounter.table","NW_015090842.1:8467469",30,30,0
"GINS2","s374_S_ADR_01_ASEReadCounter.table","NW_015090842.1:8470290",18,43,25
"GINS2","s374_S_ADR_01_ASEReadCounter.table","NW_015090842.1:8470305",17,38,21
"GINS2","s374_S_ADR_01_ASEReadCounter.table","NW_015090842.1:8470376",18,41,23
"GINS2","s374_S_ADR_01_ASEReadCounter.table","NW_015090842.1:8471057",0,3,3
"GSE1","s374_S_ADR_01_ASEReadCounter.table","NW_015090842.1:8483570",3,3,0
"KIAA0513","s374_S_ADR_01_ASEReadCounter.table","NW_015090842.1:8674736",252,252,0
"KIAA0513","s374_S_ADR_01_ASEReadCounter.table","NW_015090842.1:8687268",2,6,4
"KIAA0513","s374_S_ADR_01_ASEReadCounter.table","NW_015090842.1:8693655",95,95,0
"ZCCHC14","s374_S_ADR_01_ASEReadCounter.table","NW_015090842.1:8750189",37,37,0
"JPH3","s374_S_ADR_01_ASEReadCounter.table","NW_015090842.1:8872294",7,17,10
"KLHDC4","s374_S_ADR_01_ASEReadCounter.table","NW_015090842.1:8891175",155,155,0
"KLHDC4","s374_S_ADR_01_ASEReadCounter.table","NW_015090842.1:8905251",33,66,33
"KLHDC4","s374_S_ADR_01_ASEReadCounter.table","NW_015090842.1:8919630",4,14,10
"SLC7A5","s374_S_ADR_01_ASEReadCounter.table","NW_015090842.1:8940382",64,64,0
"SLC7A5","s374_S_ADR_01_ASEReadCounter.table","NW_015090842.1:8941818",59,59,0
"SLC7A5","s374_S_ADR_01_ASEReadCounter.table","NW_015090842.1:8944655",64,64,0
"CA5A","s374_S_ADR_01_ASEReadCounter.table","NW_015090842.1:8989479",34,81,47
"CA5A","s374_S_ADR_01_ASEReadCounter.table","NW_015090842.1:8989562",48,101,53
"CA5A","s374_S_ADR_01_ASEReadCounter.table","NW_015090842.1:8989609",66,127,61
"CA5A","s374_S_ADR_01_ASEReadCounter.table","NW_015090842.1:8989693",55,169,114
"CA5A","s374_S_ADR_01_ASEReadCounter.table","NW_015090842.1:8989702",63,167,104
"CA5A","s374_S_ADR_01_ASEReadCounter.table","NW_015090842.1:8989746",67,178,111
"CA5A","s374_S_ADR_01_ASEReadCounter.table","NW_015090842.1:8989880",59,167,108
"CA5A","s374_S_ADR_01_ASEReadCounter.table","NW_015090842.1:8989885",66,178,112
"CA5A","s374_S_ADR_01_ASEReadCounter.table","NW_015090842.1:8989929",75,196,121
"CA5A","s374_S_ADR_01_ASEReadCounter.table","NW_015090842.1:8990002",72,172,100
"CA5A","s374_S_ADR_01_ASEReadCounter.table","NW_015090842.1:8990004",73,176,103
"CA5A","s374_S_ADR_01_ASEReadCounter.table","NW_015090842.1:8990005",72,174,102
"CA5A","s374_S_ADR_01_ASEReadCounter.table","NW_015090842.1:8990017",68,164,96
"CA5A","s374_S_ADR_01_ASEReadCounter.table","NW_015090842.1:8990043",59,132,73
"CA5A","s374_S_ADR_01_ASEReadCounter.table","NW_015090842.1:8990080",45,142,97
"CA5A","s374_S_ADR_01_ASEReadCounter.table","NW_015090842.1:8990084",44,140,96
"CA5A","s374_S_ADR_01_ASEReadCounter.table","NW_015090842.1:8990090",54,150,96
"CA5A","s374_S_ADR_01_ASEReadCounter.table","NW_015090842.1:8990095",55,148,93
"CA5A","s374_S_ADR_01_ASEReadCounter.table","NW_015090842.1:8990111",51,143,92
"CA5A","s374_S_ADR_01_ASEReadCounter.table","NW_015090842.1:8990112",51,143,92
"CA5A","s374_S_ADR_01_ASEReadCounter.table","NW_015090842.1:8990115",57,145,88
"CA5A","s374_S_ADR_01_ASEReadCounter.table","NW_015090842.1:8990166",58,134,76
"CA5A","s374_S_ADR_01_ASEReadCounter.table","NW_015090842.1:8990169",65,141,76
"CA5A","s374_S_ADR_01_ASEReadCounter.table","NW_015090842.1:8990222",50,109,59
"CA5A","s374_S_ADR_01_ASEReadCounter.table","NW_015090842.1:8990289",45,109,64
"CA5A","s374_S_ADR_01_ASEReadCounter.table","NW_015090842.1:8990314",52,115,63
"CA5A","s374_S_ADR_01_ASEReadCounter.table","NW_015090842.1:8990361",57,123,66
"CA5A","s374_S_ADR_01_ASEReadCounter.table","NW_015090842.1:8990368",57,121,64
"CA5A","s374_S_ADR_01_ASEReadCounter.table","NW_015090842.1:8990429",45,118,73
"CA5A","s374_S_ADR_01_ASEReadCounter.table","NW_015090842.1:8990466",40,107,67
"CA5A","s374_S_ADR_01_ASEReadCounter.table","NW_015090842.1:8990663",54,127,73
"CA5A","s374_S_ADR_01_ASEReadCounter.table","NW_015090842.1:8990797",39,98,59
"CA5A","s374_S_ADR_01_ASEReadCounter.table","NW_015090842.1:8990836",44,106,62
"CA5A","s374_S_ADR_01_ASEReadCounter.table","NW_015090842.1:8990842",45,108,63
"CA5A","s374_S_ADR_01_ASEReadCounter.table","NW_015090842.1:8990851",47,105,58
"CA5A","s374_S_ADR_01_ASEReadCounter.table","NW_015090842.1:8990918",37,97,60
"CA5A","s374_S_ADR_01_ASEReadCounter.table","NW_015090842.1:8990921",33,98,65
"CA5A","s374_S_ADR_01_ASEReadCounter.table","NW_015090842.1:8990942",51,111,60
"CA5A","s374_S_ADR_01_ASEReadCounter.table","NW_015090842.1:8991001",56,121,65
"CA5A","s374_S_ADR_01_ASEReadCounter.table","NW_015090842.1:8991038",53,129,76
"CA5A","s374_S_ADR_01_ASEReadCounter.table","NW_015090842.1:8991149",48,115,67
"CA5A","s374_S_ADR_01_ASEReadCounter.table","NW_015090842.1:8991176",53,127,74
"CA5A","s374_S_ADR_01_ASEReadCounter.table","NW_015090842.1:8991241",59,137,78
"CA5A","s374_S_ADR_01_ASEReadCounter.table","NW_015090842.1:8991262",58,134,76
"CA5A","s374_S_ADR_01_ASEReadCounter.table","NW_015090842.1:8991316",57,63,6
"CA5A","s374_S_ADR_01_ASEReadCounter.table","NW_015090842.1:8991319",58,64,6
"CA5A","s374_S_ADR_01_ASEReadCounter.table","NW_015090842.1:8991330",52,54,2
"CA5A","s374_S_ADR_01_ASEReadCounter.table","NW_015090842.1:8991334",50,55,5
"CA5A","s374_S_ADR_01_ASEReadCounter.table","NW_015090842.1:8991362",57,112,55
"CA5A","s374_S_ADR_01_ASEReadCounter.table","NW_015090842.1:8991368",57,114,57
"CA5A","s374_S_ADR_01_ASEReadCounter.table","NW_015090842.1:8991390",64,125,61
"CA5A","s374_S_ADR_01_ASEReadCounter.table","NW_015090842.1:8991395",62,130,68
"CA5A","s374_S_ADR_01_ASEReadCounter.table","NW_015090842.1:8991422",58,137,79
"CA5A","s374_S_ADR_01_ASEReadCounter.table","NW_015090842.1:8991467",54,119,65
"CA5A","s374_S_ADR_01_ASEReadCounter.table","NW_015090842.1:8991576",34,86,52
"CA5A","s374_S_ADR_01_ASEReadCounter.table","NW_015090842.1:8991587",44,100,56
"CA5A","s374_S_ADR_01_ASEReadCounter.table","NW_015090842.1:8991655",54,130,76
"CA5A","s374_S_ADR_01_ASEReadCounter.table","NW_015090842.1:8991717",52,137,85
"CA5A","s374_S_ADR_01_ASEReadCounter.table","NW_015090842.1:8991726",55,139,84
"CA5A","s374_S_ADR_01_ASEReadCounter.table","NW_015090842.1:8991799",47,121,74
"CA5A","s374_S_ADR_01_ASEReadCounter.table","NW_015090842.1:8991809",37,107,70
"CA5A","s374_S_ADR_01_ASEReadCounter.table","NW_015090842.1:8991848",36,108,72
"CA5A","s374_S_ADR_01_ASEReadCounter.table","NW_015090842.1:8991849",36,110,74
"CA5A","s374_S_ADR_01_ASEReadCounter.table","NW_015090842.1:8991927",44,129,85
"CA5A","s374_S_ADR_01_ASEReadCounter.table","NW_015090842.1:8991941",37,118,81
"CA5A","s374_S_ADR_01_ASEReadCounter.table","NW_015090842.1:8992121",39,98,59
"CA5A","s374_S_ADR_01_ASEReadCounter.table","NW_015090842.1:8992224",42,98,56
"CA5A","s374_S_ADR_01_ASEReadCounter.table","NW_015090842.1:9002570",32,84,52
"CA5A","s374_S_ADR_01_ASEReadCounter.table","NW_015090842.1:9002600",30,74,44
"CA5A","s374_S_ADR_01_ASEReadCounter.table","NW_015090842.1:9004312",24,62,38
"CA5A","s374_S_ADR_01_ASEReadCounter.table","NW_015090842.1:9004506",2,2,0
"CA5A","s374_S_ADR_01_ASEReadCounter.table","NW_015090842.1:9004523",2,2,0
"CA5A","s374_S_ADR_01_ASEReadCounter.table","NW_015090842.1:9004530",2,2,0
"CA5A","s374_S_ADR_01_ASEReadCounter.table","NW_015090842.1:9004556",2,2,0
"CA5A","s374_S_ADR_01_ASEReadCounter.table","NW_015090842.1:9004620",2,2,0
"CA5A","s374_S_ADR_01_ASEReadCounter.table","NW_015090842.1:9005116",1,1,0
"CA5A","s374_S_ADR_01_ASEReadCounter.table","NW_015090842.1:9005120",1,1,0
"CA5A","s374_S_ADR_01_ASEReadCounter.table","NW_015090842.1:9005140",2,3,1
"CA5A","s374_S_ADR_01_ASEReadCounter.table","NW_015090842.1:9005152",2,3,1
"CA5A","s374_S_ADR_01_ASEReadCounter.table","NW_015090842.1:9011189",1,1,0
"CA5A","s374_S_ADR_01_ASEReadCounter.table","NW_015090842.1:9011194",1,1,0
"BANP","s374_S_ADR_01_ASEReadCounter.table","NW_015090842.1:9033407",12,29,17
"BANP","s374_S_ADR_01_ASEReadCounter.table","NW_015090842.1:9033409",12,27,15
"BANP","s374_S_ADR_01_ASEReadCounter.table","NW_015090842.1:9033420",13,35,22
"BANP","s374_S_ADR_01_ASEReadCounter.table","NW_015090842.1:9055284",15,32,17
"CIDEC","s374_S_ADR_01_ASEReadCounter.table","NW_015090842.1:9481199",4,10,6
"ZC3H18","s374_S_ADR_01_ASEReadCounter.table","NW_015090842.1:9528933",19,35,16
"MVD","s374_S_ADR_01_ASEReadCounter.table","NW_015090842.1:9550690",440,440,0
"MVD","s374_S_ADR_01_ASEReadCounter.table","NW_015090842.1:9550691",446,446,0
"MVD","s374_S_ADR_01_ASEReadCounter.table","NW_015090842.1:9550699",500,501,1
"MVD","s374_S_ADR_01_ASEReadCounter.table","NW_015090842.1:9550701",501,502,1
"MVD","s374_S_ADR_01_ASEReadCounter.table","NW_015090842.1:9552202",966,966,0
"MVD","s374_S_ADR_01_ASEReadCounter.table","NW_015090842.1:9552223",910,910,0
"MVD","s374_S_ADR_01_ASEReadCounter.table","NW_015090842.1:9552533",854,854,0
"MVD","s374_S_ADR_01_ASEReadCounter.table","NW_015090842.1:9552644",343,672,329
"PIEZO1","s374_S_ADR_01_ASEReadCounter.table","NW_015090842.1:9577447",18,32,14
"PIEZO1","s374_S_ADR_01_ASEReadCounter.table","NW_015090842.1:9579101",26,45,19
"PIEZO1","s374_S_ADR_01_ASEReadCounter.table","NW_015090842.1:9582630",11,20,9
"PIEZO1","s374_S_ADR_01_ASEReadCounter.table","NW_015090842.1:9582976",21,33,12
"PIEZO1","s374_S_ADR_01_ASEReadCounter.table","NW_015090842.1:9583326",19,19,0
"CDT1","s374_S_ADR_01_ASEReadCounter.table","NW_015090842.1:9596711",5,15,10
"CDT1","s374_S_ADR_01_ASEReadCounter.table","NW_015090842.1:9597033",23,23,0
"CDT1","s374_S_ADR_01_ASEReadCounter.table","NW_015090842.1:9597756",19,32,13
"CDT1","s374_S_ADR_01_ASEReadCounter.table","NW_015090842.1:9598873",34,34,0
"ACSF3","s374_S_ADR_01_ASEReadCounter.table","NW_015090842.1:9776737",26,39,13
"ACSF3","s374_S_ADR_01_ASEReadCounter.table","NW_015090842.1:9809639",82,82,0
"ACSF3","s374_S_ADR_01_ASEReadCounter.table","NW_015090842.1:9834743",60,92,32
"ACSF3","s374_S_ADR_01_ASEReadCounter.table","NW_015090842.1:9834762",80,80,0
"ACSF3","s374_S_ADR_01_ASEReadCounter.table","NW_015090842.1:9834852",40,84,44
"ACSF3","s374_S_ADR_01_ASEReadCounter.table","NW_015090842.1:9834861",27,71,44
"ACSF3","s374_S_ADR_01_ASEReadCounter.table","NW_015090842.1:9839359",33,64,31
"ACSF3","s374_S_ADR_01_ASEReadCounter.table","NW_015090842.1:9839378",31,55,24
"ACSF3","s374_S_ADR_01_ASEReadCounter.table","NW_015090842.1:9839455",29,50,21
"ACSF3","s374_S_ADR_01_ASEReadCounter.table","NW_015090842.1:9839457",29,46,17
"ACSF3","s374_S_ADR_01_ASEReadCounter.table","NW_015090842.1:9839489",26,48,22
"ACSF3","s374_S_ADR_01_ASEReadCounter.table","NW_015090842.1:9839500",21,42,21
"ACSF3","s374_S_ADR_01_ASEReadCounter.table","NW_015090842.1:9839501",21,42,21
"ACSF3","s374_S_ADR_01_ASEReadCounter.table","NW_015090842.1:9839504",22,42,20
"ACSF3","s374_S_ADR_01_ASEReadCounter.table","NW_015090842.1:9839512",20,35,15
"ACSF3","s374_S_ADR_01_ASEReadCounter.table","NW_015090842.1:9839527",16,30,14
"ACSF3","s374_S_ADR_01_ASEReadCounter.table","NW_015090842.1:9839533",6,16,10
"ACSF3","s374_S_ADR_01_ASEReadCounter.table","NW_015090842.1:9839535",6,16,10
"ACSF3","s374_S_ADR_01_ASEReadCounter.table","NW_015090842.1:9839545",2,11,9
"ACSF3","s374_S_ADR_01_ASEReadCounter.table","NW_015090842.1:9839550",2,10,8
"ACSF3","s374_S_ADR_01_ASEReadCounter.table","NW_015090842.1:9839551",2,10,8
"CDH15","s374_S_ADR_01_ASEReadCounter.table","NW_015090842.1:9849473",1,1,0
"CDH15","s374_S_ADR_01_ASEReadCounter.table","NW_015090842.1:9850141",0,1,1
"CDH15","s374_S_ADR_01_ASEReadCounter.table","NW_015090842.1:9850386",1,1,0
"CDH15","s374_S_ADR_01_ASEReadCounter.table","NW_015090842.1:9850609",1,1,0
"SLC22A31","s374_S_ADR_01_ASEReadCounter.table","NW_015090842.1:9851032",1,1,0
"SLC22A31","s374_S_ADR_01_ASEReadCounter.table","NW_015090842.1:9851053",1,1,0
"SLC22A31","s374_S_ADR_01_ASEReadCounter.table","NW_015090842.1:9851130",7,11,4
"SLC22A31","s374_S_ADR_01_ASEReadCounter.table","NW_015090842.1:9851139",6,10,4
"SLC22A31","s374_S_ADR_01_ASEReadCounter.table","NW_015090842.1:9851265",11,18,7
"SLC22A31","s374_S_ADR_01_ASEReadCounter.table","NW_015090842.1:9851302",9,14,5
"SLC22A31","s374_S_ADR_01_ASEReadCounter.table","NW_015090842.1:9851303",9,14,5
"SLC22A31","s374_S_ADR_01_ASEReadCounter.table","NW_015090842.1:9851305",9,14,5
"SLC22A31","s374_S_ADR_01_ASEReadCounter.table","NW_015090842.1:9851343",9,13,4
"SLC22A31","s374_S_ADR_01_ASEReadCounter.table","NW_015090842.1:9851344",9,13,4
"SLC22A31","s374_S_ADR_01_ASEReadCounter.table","NW_015090842.1:9851381",11,20,9
"SLC22A31","s374_S_ADR_01_ASEReadCounter.table","NW_015090842.1:9851421",12,22,10
"SLC22A31","s374_S_ADR_01_ASEReadCounter.table","NW_015090842.1:9851526",7,15,8
"SLC22A31","s374_S_ADR_01_ASEReadCounter.table","NW_015090842.1:9851589",20,30,10
"SLC22A31","s374_S_ADR_01_ASEReadCounter.table","NW_015090842.1:9851712",17,24,7
"SLC22A31","s374_S_ADR_01_ASEReadCounter.table","NW_015090842.1:9851899",9,15,6
"SLC22A31","s374_S_ADR_01_ASEReadCounter.table","NW_015090842.1:9852139",17,19,2
"SLC22A31","s374_S_ADR_01_ASEReadCounter.table","NW_015090842.1:9852380",15,23,8
"SLC22A31","s374_S_ADR_01_ASEReadCounter.table","NW_015090842.1:9852431",14,19,5
"SLC22A31","s374_S_ADR_01_ASEReadCounter.table","NW_015090842.1:9852630",14,18,4
"SLC22A31","s374_S_ADR_01_ASEReadCounter.table","NW_015090842.1:9852711",7,14,7
"SLC22A31","s374_S_ADR_01_ASEReadCounter.table","NW_015090842.1:9852742",9,12,3
"SLC22A31","s374_S_ADR_01_ASEReadCounter.table","NW_015090842.1:9853099",12,15,3
"SLC22A31","s374_S_ADR_01_ASEReadCounter.table","NW_015090842.1:9853102",12,15,3
"SLC22A31","s374_S_ADR_01_ASEReadCounter.table","NW_015090842.1:9853421",9,9,0
"SLC22A31","s374_S_ADR_01_ASEReadCounter.table","NW_015090842.1:9853457",10,10,0
"SLC22A31","s374_S_ADR_01_ASEReadCounter.table","NW_015090842.1:9853502",8,8,0
"ANKRD11","s374_S_ADR_01_ASEReadCounter.table","NW_015090842.1:9858863",2,4,2
"ANKRD11","s374_S_ADR_01_ASEReadCounter.table","NW_015090842.1:9859101",69,147,78
"ANKRD11","s374_S_ADR_01_ASEReadCounter.table","NW_015090842.1:9859352",67,165,98
"ANKRD11","s374_S_ADR_01_ASEReadCounter.table","NW_015090842.1:9859381",17,92,75
"ANKRD11","s374_S_ADR_01_ASEReadCounter.table","NW_015090842.1:9859527",30,79,49
"ANKRD11","s374_S_ADR_01_ASEReadCounter.table","NW_015090842.1:9859529",30,81,51
"ANKRD11","s374_S_ADR_01_ASEReadCounter.table","NW_015090842.1:9859679",76,146,70
"ANKRD11","s374_S_ADR_01_ASEReadCounter.table","NW_015090842.1:9861097",76,162,86
"ANKRD11","s374_S_ADR_01_ASEReadCounter.table","NW_015090842.1:9862571",48,108,60
"ANKRD11","s374_S_ADR_01_ASEReadCounter.table","NW_015090842.1:9866071",0,69,69
"ANKRD11","s374_S_ADR_01_ASEReadCounter.table","NW_015090842.1:9866200",0,54,54
"ANKRD11","s374_S_ADR_01_ASEReadCounter.table","NW_015090842.1:9867391",41,68,27
"ANKRD11","s374_S_ADR_01_ASEReadCounter.table","NW_015090842.1:9867472",57,116,59
"ANKRD11","s374_S_ADR_01_ASEReadCounter.table","NW_015090842.1:9867559",63,118,55
"ANKRD11","s374_S_ADR_01_ASEReadCounter.table","NW_015090842.1:9867934",61,107,46
"ANKRD11","s374_S_ADR_01_ASEReadCounter.table","NW_015090842.1:9868093",45,95,50
"ANKRD11","s374_S_ADR_01_ASEReadCounter.table","NW_015090842.1:9868222",48,97,49
"ANKRD11","s374_S_ADR_01_ASEReadCounter.table","NW_015090842.1:9868327",59,112,53
"ANKRD11","s374_S_ADR_01_ASEReadCounter.table","NW_015090842.1:9868414",56,125,69
"ANKRD11","s374_S_ADR_01_ASEReadCounter.table","NW_015090842.1:9868441",53,121,68
"ANKRD11","s374_S_ADR_01_ASEReadCounter.table","NW_015090842.1:9868444",55,130,75
"ANKRD11","s374_S_ADR_01_ASEReadCounter.table","NW_015090842.1:9868519",71,152,81
"ANKRD11","s374_S_ADR_01_ASEReadCounter.table","NW_015090842.1:9868609",64,141,77
"ANKRD11","s374_S_ADR_01_ASEReadCounter.table","NW_015090842.1:9868666",71,158,87
"ANKRD11","s374_S_ADR_01_ASEReadCounter.table","NW_015090842.1:9869431",56,112,56
"ANKRD11","s374_S_ADR_01_ASEReadCounter.table","NW_015090842.1:9869578",86,163,77
"ANKRD11","s374_S_ADR_01_ASEReadCounter.table","NW_015090842.1:9869734",88,169,81
"ANKRD11","s374_S_ADR_01_ASEReadCounter.table","NW_015090842.1:9870070",60,135,75
"ANKRD11","s374_S_ADR_01_ASEReadCounter.table","NW_015090842.1:9870349",60,126,66
"ANKRD11","s374_S_ADR_01_ASEReadCounter.table","NW_015090842.1:9870604",76,140,64
"ANKRD11","s374_S_ADR_01_ASEReadCounter.table","NW_015090842.1:9870613",85,154,69
"ANKRD11","s374_S_ADR_01_ASEReadCounter.table","NW_015090842.1:9870685",81,181,100
"ANKRD11","s374_S_ADR_01_ASEReadCounter.table","NW_015090842.1:9870847",72,160,88
"ANKRD11","s374_S_ADR_01_ASEReadCounter.table","NW_015090842.1:9871103",55,121,66
"ANKRD11","s374_S_ADR_01_ASEReadCounter.table","NW_015090842.1:9871165",51,123,72
"ANKRD11","s374_S_ADR_01_ASEReadCounter.table","NW_015090842.1:9871820",31,72,41
"ANKRD11","s374_S_ADR_01_ASEReadCounter.table","NW_015090842.1:9871994",74,74,0
"ANKRD11","s374_S_ADR_01_ASEReadCounter.table","NW_015090842.1:9872118",38,78,40
"SPG7","s374_S_ADR_01_ASEReadCounter.table","NW_015090842.1:10051190",122,235,113
"SPG7","s374_S_ADR_01_ASEReadCounter.table","NW_015090842.1:10051218",129,261,132
"SPG7","s374_S_ADR_01_ASEReadCounter.table","NW_015090842.1:10052348",140,281,141
"SPG7","s374_S_ADR_01_ASEReadCounter.table","NW_015090842.1:10052366",153,292,139
"SPG7","s374_S_ADR_01_ASEReadCounter.table","NW_015090842.1:10065173",114,238,124
"SPG7","s374_S_ADR_01_ASEReadCounter.table","NW_015090842.1:10065215",121,232,111
"SPG7","s374_S_ADR_01_ASEReadCounter.table","NW_015090842.1:10066301",97,186,89
"SPG7","s374_S_ADR_01_ASEReadCounter.table","NW_015090842.1:10066365",98,185,87
"SPG7","s374_S_ADR_01_ASEReadCounter.table","NW_015090842.1:10069752",115,239,124
"SPG7","s374_S_ADR_01_ASEReadCounter.table","NW_015090842.1:10069800",116,251,135
"SPG7","s374_S_ADR_01_ASEReadCounter.table","NW_015090842.1:10071192",108,241,133
"SPG7","s374_S_ADR_01_ASEReadCounter.table","NW_015090842.1:10071204",109,230,121
"SPG7","s374_S_ADR_01_ASEReadCounter.table","NW_015090842.1:10071219",97,207,110
"SPG7","s374_S_ADR_01_ASEReadCounter.table","NW_015090842.1:10071967",110,222,112
"SPG7","s374_S_ADR_01_ASEReadCounter.table","NW_015090842.1:10075109",148,294,146
"SPG7","s374_S_ADR_01_ASEReadCounter.table","NW_015090842.1:10075114",150,286,136
"SPG7","s374_S_ADR_01_ASEReadCounter.table","NW_015090842.1:10075198",113,215,102
"SPG7","s374_S_ADR_01_ASEReadCounter.table","NW_015090842.1:10075487",87,183,96
"SPG7","s374_S_ADR_01_ASEReadCounter.table","NW_015090842.1:10075488",86,184,98
"SPG7","s374_S_ADR_01_ASEReadCounter.table","NW_015090842.1:10075548",60,120,60
"RPL13","s374_S_ADR_01_ASEReadCounter.table","NW_015090842.1:10076979",1,2,1
"RPL13","s374_S_ADR_01_ASEReadCounter.table","NW_015090842.1:10077387",753,1789,1036
"RPL13","s374_S_ADR_01_ASEReadCounter.table","NW_015090842.1:10077978",1163,2439,1276
"RPL13","s374_S_ADR_01_ASEReadCounter.table","NW_015090842.1:10077992",1125,2329,1204
"CPNE7","s374_S_ADR_01_ASEReadCounter.table","NW_015090842.1:10084892",0,1,1
"CPNE7","s374_S_ADR_01_ASEReadCounter.table","NW_015090842.1:10084921",0,1,1
"CPNE7","s374_S_ADR_01_ASEReadCounter.table","NW_015090842.1:10084935",0,1,1
"CPNE7","s374_S_ADR_01_ASEReadCounter.table","NW_015090842.1:10085180",0,1,1
"CPNE7","s374_S_ADR_01_ASEReadCounter.table","NW_015090842.1:10085201",0,1,1
"CPNE7","s374_S_ADR_01_ASEReadCounter.table","NW_015090842.1:10090924",1,1,0
"CPNE7","s374_S_ADR_01_ASEReadCounter.table","NW_015090842.1:10090930",1,1,0
"CPNE7","s374_S_ADR_01_ASEReadCounter.table","NW_015090842.1:10091389",0,1,1
"CPNE7","s374_S_ADR_01_ASEReadCounter.table","NW_015090842.1:10091407",0,1,1
"CPNE7","s374_S_ADR_01_ASEReadCounter.table","NW_015090842.1:10091530",1,2,1
"LOC106888185","s374_S_ADR_01_ASEReadCounter.table","NW_015090842.1:10094965",5,24,19
"LOC106888185","s374_S_ADR_01_ASEReadCounter.table","NW_015090842.1:10094966",5,24,19
"LOC106888185","s374_S_ADR_01_ASEReadCounter.table","NW_015090842.1:10094985",6,29,23
"LOC106888185","s374_S_ADR_01_ASEReadCounter.table","NW_015090842.1:10095055",0,19,19
"LOC106888185","s374_S_ADR_01_ASEReadCounter.table","NW_015090842.1:10095062",1,16,15
"LOC106888185","s374_S_ADR_01_ASEReadCounter.table","NW_015090842.1:10095130",1,20,19
"LOC106888185","s374_S_ADR_01_ASEReadCounter.table","NW_015090842.1:10095265",65,119,54
"LOC106888185","s374_S_ADR_01_ASEReadCounter.table","NW_015090842.1:10095586",52,149,97
"LOC106888185","s374_S_ADR_01_ASEReadCounter.table","NW_015090842.1:10095593",56,145,89
"LOC106888185","s374_S_ADR_01_ASEReadCounter.table","NW_015090842.1:10095616",49,131,82
"LOC106888185","s374_S_ADR_01_ASEReadCounter.table","NW_015090842.1:10095662",26,86,60
"LOC106888185","s374_S_ADR_01_ASEReadCounter.table","NW_015090842.1:10095674",20,78,58
"LOC106888185","s374_S_ADR_01_ASEReadCounter.table","NW_015090842.1:10095786",39,107,68
"LOC106888185","s374_S_ADR_01_ASEReadCounter.table","NW_015090842.1:10095831",48,117,69
"LOC106888185","s374_S_ADR_01_ASEReadCounter.table","NW_015090842.1:10096230",48,124,76
"LOC106888185","s374_S_ADR_01_ASEReadCounter.table","NW_015090842.1:10096249",61,143,82
"LOC106888185","s374_S_ADR_01_ASEReadCounter.table","NW_015090842.1:10096272",67,160,93
"LOC106888185","s374_S_ADR_01_ASEReadCounter.table","NW_015090842.1:10096288",63,152,89
"LOC106888185","s374_S_ADR_01_ASEReadCounter.table","NW_015090842.1:10097248",71,183,112
"LOC106888185","s374_S_ADR_01_ASEReadCounter.table","NW_015090842.1:10097265",82,209,127
"LOC106888185","s374_S_ADR_01_ASEReadCounter.table","NW_015090842.1:10097446",4,21,17
"DPEP1","s374_S_ADR_01_ASEReadCounter.table","NW_015090842.1:10098017",0,5,5
"DPEP1","s374_S_ADR_01_ASEReadCounter.table","NW_015090842.1:10098518",0,12,12
"DPEP1","s374_S_ADR_01_ASEReadCounter.table","NW_015090842.1:10098595",5,15,10
"DPEP1","s374_S_ADR_01_ASEReadCounter.table","NW_015090842.1:10098597",5,15,10
"DPEP1","s374_S_ADR_01_ASEReadCounter.table","NW_015090842.1:10098601",5,15,10
"DPEP1","s374_S_ADR_01_ASEReadCounter.table","NW_015090842.1:10098608",5,16,11
"DPEP1","s374_S_ADR_01_ASEReadCounter.table","NW_015090842.1:10098630",4,16,12
"DPEP1","s374_S_ADR_01_ASEReadCounter.table","NW_015090842.1:10098659",6,13,7
"DPEP1","s374_S_ADR_01_ASEReadCounter.table","NW_015090842.1:10099765",7,18,11
"DPEP1","s374_S_ADR_01_ASEReadCounter.table","NW_015090842.1:10099985",5,16,11
"DPEP1","s374_S_ADR_01_ASEReadCounter.table","NW_015090842.1:10099986",5,16,11
"DPEP1","s374_S_ADR_01_ASEReadCounter.table","NW_015090842.1:10099991",4,15,11
"DPEP1","s374_S_ADR_01_ASEReadCounter.table","NW_015090842.1:10100044",4,16,12
"DPEP1","s374_S_ADR_01_ASEReadCounter.table","NW_015090842.1:10100045",4,15,11
"DPEP1","s374_S_ADR_01_ASEReadCounter.table","NW_015090842.1:10100084",4,15,11
"DPEP1","s374_S_ADR_01_ASEReadCounter.table","NW_015090842.1:10100295",5,14,9
"DPEP1","s374_S_ADR_01_ASEReadCounter.table","NW_015090842.1:10100529",4,17,13
"DPEP1","s374_S_ADR_01_ASEReadCounter.table","NW_015090842.1:10100893",10,29,19
"DPEP1","s374_S_ADR_01_ASEReadCounter.table","NW_015090842.1:10100902",7,24,17
"DPEP1","s374_S_ADR_01_ASEReadCounter.table","NW_015090842.1:10101072",10,16,6
"DPEP1","s374_S_ADR_01_ASEReadCounter.table","NW_015090842.1:10101199",8,15,7
"DPEP1","s374_S_ADR_01_ASEReadCounter.table","NW_015090842.1:10101483",4,22,18
"DPEP1","s374_S_ADR_01_ASEReadCounter.table","NW_015090842.1:10101497",5,24,19
"DPEP1","s374_S_ADR_01_ASEReadCounter.table","NW_015090842.1:10101525",3,19,16
"DPEP1","s374_S_ADR_01_ASEReadCounter.table","NW_015090842.1:10101875",3,13,10
"DPEP1","s374_S_ADR_01_ASEReadCounter.table","NW_015090842.1:10101913",3,15,12
"DPEP1","s374_S_ADR_01_ASEReadCounter.table","NW_015090842.1:10101996",1,8,7
"DPEP1","s374_S_ADR_01_ASEReadCounter.table","NW_015090842.1:10102014",1,4,3
"DPEP1","s374_S_ADR_01_ASEReadCounter.table","NW_015090842.1:10102035",1,2,1
"CHMP1A","s374_S_ADR_01_ASEReadCounter.table","NW_015090842.1:10102901",47,129,82
"CHMP1A","s374_S_ADR_01_ASEReadCounter.table","NW_015090842.1:10102961",48,137,89
"CHMP1A","s374_S_ADR_01_ASEReadCounter.table","NW_015090842.1:10102996",39,139,100
"CHMP1A","s374_S_ADR_01_ASEReadCounter.table","NW_015090842.1:10103004",41,149,108
"CHMP1A","s374_S_ADR_01_ASEReadCounter.table","NW_015090842.1:10103006",41,150,109
"CHMP1A","s374_S_ADR_01_ASEReadCounter.table","NW_015090842.1:10103052",61,176,115
"CHMP1A","s374_S_ADR_01_ASEReadCounter.table","NW_015090842.1:10103095",60,176,116
"CHMP1A","s374_S_ADR_01_ASEReadCounter.table","NW_015090842.1:10103096",64,179,115
"CHMP1A","s374_S_ADR_01_ASEReadCounter.table","NW_015090842.1:10103152",59,134,75
"CHMP1A","s374_S_ADR_01_ASEReadCounter.table","NW_015090842.1:10103334",52,118,66
"CHMP1A","s374_S_ADR_01_ASEReadCounter.table","NW_015090842.1:10103373",20,85,65
"CHMP1A","s374_S_ADR_01_ASEReadCounter.table","NW_015090842.1:10103408",40,119,79
"CHMP1A","s374_S_ADR_01_ASEReadCounter.table","NW_015090842.1:10103412",46,124,78
"CHMP1A","s374_S_ADR_01_ASEReadCounter.table","NW_015090842.1:10103512",87,176,89
"CHMP1A","s374_S_ADR_01_ASEReadCounter.table","NW_015090842.1:10103513",86,178,92
"CHMP1A","s374_S_ADR_01_ASEReadCounter.table","NW_015090842.1:10103583",71,140,69
"CHMP1A","s374_S_ADR_01_ASEReadCounter.table","NW_015090842.1:10103614",65,139,74
"CHMP1A","s374_S_ADR_01_ASEReadCounter.table","NW_015090842.1:10103657",80,162,82
"CHMP1A","s374_S_ADR_01_ASEReadCounter.table","NW_015090842.1:10103669",68,152,84
"CHMP1A","s374_S_ADR_01_ASEReadCounter.table","NW_015090842.1:10103674",63,143,80
"CHMP1A","s374_S_ADR_01_ASEReadCounter.table","NW_015090842.1:10103677",62,140,78
"CHMP1A","s374_S_ADR_01_ASEReadCounter.table","NW_015090842.1:10103729",76,149,73
"CHMP1A","s374_S_ADR_01_ASEReadCounter.table","NW_015090842.1:10103758",68,139,71
"CHMP1A","s374_S_ADR_01_ASEReadCounter.table","NW_015090842.1:10103761",66,137,71
"CHMP1A","s374_S_ADR_01_ASEReadCounter.table","NW_015090842.1:10103788",80,168,88
"CHMP1A","s374_S_ADR_01_ASEReadCounter.table","NW_015090842.1:10103789",81,168,87
"CHMP1A","s374_S_ADR_01_ASEReadCounter.table","NW_015090842.1:10103790",79,166,87
"CHMP1A","s374_S_ADR_01_ASEReadCounter.table","NW_015090842.1:10103950",82,177,95
"CHMP1A","s374_S_ADR_01_ASEReadCounter.table","NW_015090842.1:10104335",82,168,86
"CHMP1A","s374_S_ADR_01_ASEReadCounter.table","NW_015090842.1:10104429",97,204,107
"CHMP1A","s374_S_ADR_01_ASEReadCounter.table","NW_015090842.1:10104532",94,211,117
"CHMP1A","s374_S_ADR_01_ASEReadCounter.table","NW_015090842.1:10104633",87,170,83
"CHMP1A","s374_S_ADR_01_ASEReadCounter.table","NW_015090842.1:10104759",62,146,84
"CHMP1A","s374_S_ADR_01_ASEReadCounter.table","NW_015090842.1:10104794",81,177,96
"CHMP1A","s374_S_ADR_01_ASEReadCounter.table","NW_015090842.1:10104844",61,143,82
"CHMP1A","s374_S_ADR_01_ASEReadCounter.table","NW_015090842.1:10106290",61,132,71
"CHMP1A","s374_S_ADR_01_ASEReadCounter.table","NW_015090842.1:10106335",80,171,91
"CHMP1A","s374_S_ADR_01_ASEReadCounter.table","NW_015090842.1:10106383",84,214,130
"CHMP1A","s374_S_ADR_01_ASEReadCounter.table","NW_015090842.1:10106747",94,207,113
"CHMP1A","s374_S_ADR_01_ASEReadCounter.table","NW_015090842.1:10107404",85,227,142
"CHMP1A","s374_S_ADR_01_ASEReadCounter.table","NW_015090842.1:10107410",87,227,140
"CHMP1A","s374_S_ADR_01_ASEReadCounter.table","NW_015090842.1:10107876",96,213,117
"CDK10","s374_S_ADR_01_ASEReadCounter.table","NW_015090842.1:10109030",13,13,0
"CDK10","s374_S_ADR_01_ASEReadCounter.table","NW_015090842.1:10109963",53,120,67
"CDK10","s374_S_ADR_01_ASEReadCounter.table","NW_015090842.1:10110887",54,118,64
"CDK10","s374_S_ADR_01_ASEReadCounter.table","NW_015090842.1:10111254",28,68,40
"CDK10","s374_S_ADR_01_ASEReadCounter.table","NW_015090842.1:10111380",34,97,63
"CDK10","s374_S_ADR_01_ASEReadCounter.table","NW_015090842.1:10111395",34,95,61
"CDK10","s374_S_ADR_01_ASEReadCounter.table","NW_015090842.1:10111437",17,77,60
"CDK10","s374_S_ADR_01_ASEReadCounter.table","NW_015090842.1:10111798",39,104,65
"CDK10","s374_S_ADR_01_ASEReadCounter.table","NW_015090842.1:10111840",44,98,54
"CDK10","s374_S_ADR_01_ASEReadCounter.table","NW_015090842.1:10112031",44,104,60
"CDK10","s374_S_ADR_01_ASEReadCounter.table","NW_015090842.1:10112285",52,104,52
"CDK10","s374_S_ADR_01_ASEReadCounter.table","NW_015090842.1:10112398",49,114,65
"CDK10","s374_S_ADR_01_ASEReadCounter.table","NW_015090842.1:10112455",45,99,54
"CDK10","s374_S_ADR_01_ASEReadCounter.table","NW_015090842.1:10112461",46,94,48
"CDK10","s374_S_ADR_01_ASEReadCounter.table","NW_015090842.1:10112497",45,90,45
"CDK10","s374_S_ADR_01_ASEReadCounter.table","NW_015090842.1:10112508",42,91,49
"CDK10","s374_S_ADR_01_ASEReadCounter.table","NW_015090842.1:10112518",31,76,45
"CDK10","s374_S_ADR_01_ASEReadCounter.table","NW_015090842.1:10112540",12,56,44
"CDK10","s374_S_ADR_01_ASEReadCounter.table","NW_015090842.1:10112556",29,74,45
"CDK10","s374_S_ADR_01_ASEReadCounter.table","NW_015090842.1:10112561",29,82,53
"CDK10","s374_S_ADR_01_ASEReadCounter.table","NW_015090842.1:10112596",36,88,52
"CDK10","s374_S_ADR_01_ASEReadCounter.table","NW_015090842.1:10112630",28,78,50
"CDK10","s374_S_ADR_01_ASEReadCounter.table","NW_015090842.1:10112656",29,84,55
"CDK10","s374_S_ADR_01_ASEReadCounter.table","NW_015090842.1:10112665",22,61,39
"CDK10","s374_S_ADR_01_ASEReadCounter.table","NW_015090842.1:10112668",22,63,41
"CDK10","s374_S_ADR_01_ASEReadCounter.table","NW_015090842.1:10112781",16,33,17
"CDK10","s374_S_ADR_01_ASEReadCounter.table","NW_015090842.1:10112782",16,33,17
"CDK10","s374_S_ADR_01_ASEReadCounter.table","NW_015090842.1:10112795",15,32,17
"CDK10","s374_S_ADR_01_ASEReadCounter.table","NW_015090842.1:10112841",7,13,6
"CDK10","s374_S_ADR_01_ASEReadCounter.table","NW_015090842.1:10112861",7,10,3
"SPATA2L","s374_S_ADR_01_ASEReadCounter.table","NW_015090842.1:10113212",12,25,13
"SPATA2L","s374_S_ADR_01_ASEReadCounter.table","NW_015090842.1:10113280",18,50,32
"SPATA2L","s374_S_ADR_01_ASEReadCounter.table","NW_015090842.1:10113296",15,49,34
"SPATA2L","s374_S_ADR_01_ASEReadCounter.table","NW_015090842.1:10113321",23,62,39
"SPATA2L","s374_S_ADR_01_ASEReadCounter.table","NW_015090842.1:10113332",25,65,40
"SPATA2L","s374_S_ADR_01_ASEReadCounter.table","NW_015090842.1:10113380",29,65,36
"SPATA2L","s374_S_ADR_01_ASEReadCounter.table","NW_015090842.1:10113381",29,65,36
"SPATA2L","s374_S_ADR_01_ASEReadCounter.table","NW_015090842.1:10113412",28,69,41
"SPATA2L","s374_S_ADR_01_ASEReadCounter.table","NW_015090842.1:10113421",29,70,41
"SPATA2L","s374_S_ADR_01_ASEReadCounter.table","NW_015090842.1:10113465",22,55,33
"SPATA2L","s374_S_ADR_01_ASEReadCounter.table","NW_015090842.1:10113535",31,51,20
"SPATA2L","s374_S_ADR_01_ASEReadCounter.table","NW_015090842.1:10113645",28,69,41
"SPATA2L","s374_S_ADR_01_ASEReadCounter.table","NW_015090842.1:10113682",35,86,51
"SPATA2L","s374_S_ADR_01_ASEReadCounter.table","NW_015090842.1:10113696",37,89,52
"SPATA2L","s374_S_ADR_01_ASEReadCounter.table","NW_015090842.1:10113727",34,78,44
"SPATA2L","s374_S_ADR_01_ASEReadCounter.table","NW_015090842.1:10113729",75,75,0
"SPATA2L","s374_S_ADR_01_ASEReadCounter.table","NW_015090842.1:10113799",49,90,41
"SPATA2L","s374_S_ADR_01_ASEReadCounter.table","NW_015090842.1:10113809",57,103,46
"SPATA2L","s374_S_ADR_01_ASEReadCounter.table","NW_015090842.1:10113827",58,102,44
"SPATA2L","s374_S_ADR_01_ASEReadCounter.table","NW_015090842.1:10113831",57,98,41
"SPATA2L","s374_S_ADR_01_ASEReadCounter.table","NW_015090842.1:10113894",38,77,39
"SPATA2L","s374_S_ADR_01_ASEReadCounter.table","NW_015090842.1:10113905",27,66,39
"SPATA2L","s374_S_ADR_01_ASEReadCounter.table","NW_015090842.1:10113914",29,66,37
"SPATA2L","s374_S_ADR_01_ASEReadCounter.table","NW_015090842.1:10113920",32,72,40
"SPATA2L","s374_S_ADR_01_ASEReadCounter.table","NW_015090842.1:10113937",35,80,45
"SPATA2L","s374_S_ADR_01_ASEReadCounter.table","NW_015090842.1:10113971",30,74,44
"SPATA2L","s374_S_ADR_01_ASEReadCounter.table","NW_015090842.1:10113976",21,77,56
"SPATA2L","s374_S_ADR_01_ASEReadCounter.table","NW_015090842.1:10113985",23,72,49
"SPATA2L","s374_S_ADR_01_ASEReadCounter.table","NW_015090842.1:10113994",30,81,51
"SPATA2L","s374_S_ADR_01_ASEReadCounter.table","NW_015090842.1:10114063",28,62,34
"SPATA2L","s374_S_ADR_01_ASEReadCounter.table","NW_015090842.1:10114066",27,61,34
"SPATA2L","s374_S_ADR_01_ASEReadCounter.table","NW_015090842.1:10114069",27,61,34
"SPATA2L","s374_S_ADR_01_ASEReadCounter.table","NW_015090842.1:10114159",30,61,31
"SPATA2L","s374_S_ADR_01_ASEReadCounter.table","NW_015090842.1:10114262",81,81,0
"SPATA2L","s374_S_ADR_01_ASEReadCounter.table","NW_015090842.1:10114470",24,57,33
"SPATA2L","s374_S_ADR_01_ASEReadCounter.table","NW_015090842.1:10114524",24,51,27
"VPS9D1","s374_S_ADR_01_ASEReadCounter.table","NW_015090842.1:10116377",13,26,13
"VPS9D1","s374_S_ADR_01_ASEReadCounter.table","NW_015090842.1:10116415",14,29,15
"VPS9D1","s374_S_ADR_01_ASEReadCounter.table","NW_015090842.1:10116607",12,29,17
"VPS9D1","s374_S_ADR_01_ASEReadCounter.table","NW_015090842.1:10116821",15,24,9
"VPS9D1","s374_S_ADR_01_ASEReadCounter.table","NW_015090842.1:10116825",15,24,9
"VPS9D1","s374_S_ADR_01_ASEReadCounter.table","NW_015090842.1:10116882",15,25,10
"VPS9D1","s374_S_ADR_01_ASEReadCounter.table","NW_015090842.1:10116933",19,30,11
"VPS9D1","s374_S_ADR_01_ASEReadCounter.table","NW_015090842.1:10116942",21,33,12
"VPS9D1","s374_S_ADR_01_ASEReadCounter.table","NW_015090842.1:10117152",17,36,19
"VPS9D1","s374_S_ADR_01_ASEReadCounter.table","NW_015090842.1:10117480",11,24,13
"VPS9D1","s374_S_ADR_01_ASEReadCounter.table","NW_015090842.1:10117497",9,20,11
"VPS9D1","s374_S_ADR_01_ASEReadCounter.table","NW_015090842.1:10117499",6,17,11
"VPS9D1","s374_S_ADR_01_ASEReadCounter.table","NW_015090842.1:10117516",12,26,14
"VPS9D1","s374_S_ADR_01_ASEReadCounter.table","NW_015090842.1:10117525",12,27,15
"VPS9D1","s374_S_ADR_01_ASEReadCounter.table","NW_015090842.1:10117579",16,37,21
"VPS9D1","s374_S_ADR_01_ASEReadCounter.table","NW_015090842.1:10117627",17,29,12
"VPS9D1","s374_S_ADR_01_ASEReadCounter.table","NW_015090842.1:10117678",16,31,15
"VPS9D1","s374_S_ADR_01_ASEReadCounter.table","NW_015090842.1:10117773",13,31,18
"VPS9D1","s374_S_ADR_01_ASEReadCounter.table","NW_015090842.1:10117937",21,43,22
"VPS9D1","s374_S_ADR_01_ASEReadCounter.table","NW_015090842.1:10117961",19,39,20
"VPS9D1","s374_S_ADR_01_ASEReadCounter.table","NW_015090842.1:10118236",22,49,27
"VPS9D1","s374_S_ADR_01_ASEReadCounter.table","NW_015090842.1:10118414",17,42,25
"VPS9D1","s374_S_ADR_01_ASEReadCounter.table","NW_015090842.1:10118973",30,53,23
"VPS9D1","s374_S_ADR_01_ASEReadCounter.table","NW_015090842.1:10119500",14,24,10
"ZNF276","s374_S_ADR_01_ASEReadCounter.table","NW_015090842.1:10121760",3,5,2
"ZNF276","s374_S_ADR_01_ASEReadCounter.table","NW_015090842.1:10121769",3,4,1
"ZNF276","s374_S_ADR_01_ASEReadCounter.table","NW_015090842.1:10121802",9,13,4
"ZNF276","s374_S_ADR_01_ASEReadCounter.table","NW_015090842.1:10121971",11,20,9
"ZNF276","s374_S_ADR_01_ASEReadCounter.table","NW_015090842.1:10122161",22,22,0
"ZNF276","s374_S_ADR_01_ASEReadCounter.table","NW_015090842.1:10122164",22,22,0
"ZNF276","s374_S_ADR_01_ASEReadCounter.table","NW_015090842.1:10122184",23,23,0
"ZNF276","s374_S_ADR_01_ASEReadCounter.table","NW_015090842.1:10122883",11,21,10
"ZNF276","s374_S_ADR_01_ASEReadCounter.table","NW_015090842.1:10122997",13,27,14
"ZNF276","s374_S_ADR_01_ASEReadCounter.table","NW_015090842.1:10123069",20,39,19
"ZNF276","s374_S_ADR_01_ASEReadCounter.table","NW_015090842.1:10123207",22,44,22
"ZNF276","s374_S_ADR_01_ASEReadCounter.table","NW_015090842.1:10125787",19,38,19
"ZNF276","s374_S_ADR_01_ASEReadCounter.table","NW_015090842.1:10126309",23,43,20
"ZNF276","s374_S_ADR_01_ASEReadCounter.table","NW_015090842.1:10126348",19,40,21
"ZNF276","s374_S_ADR_01_ASEReadCounter.table","NW_015090842.1:10126978",25,45,20
"ZNF276","s374_S_ADR_01_ASEReadCounter.table","NW_015090842.1:10126991",27,46,19
"ZNF276","s374_S_ADR_01_ASEReadCounter.table","NW_015090842.1:10127023",22,38,16
"ZNF276","s374_S_ADR_01_ASEReadCounter.table","NW_015090842.1:10127063",24,42,18
"ZNF276","s374_S_ADR_01_ASEReadCounter.table","NW_015090842.1:10127373",25,41,16
"ZNF276","s374_S_ADR_01_ASEReadCounter.table","NW_015090842.1:10127931",26,36,10
"ZNF276","s374_S_ADR_01_ASEReadCounter.table","NW_015090842.1:10128070",28,48,20
"ZNF276","s374_S_ADR_01_ASEReadCounter.table","NW_015090842.1:10128102",30,52,22
"ZNF276","s374_S_ADR_01_ASEReadCounter.table","NW_015090842.1:10128356",15,35,20
"ZNF276","s374_S_ADR_01_ASEReadCounter.table","NW_015090842.1:10128497",17,28,11
"FANCA","s374_S_ADR_01_ASEReadCounter.table","NW_015090842.1:10128743",3,5,2
"FANCA","s374_S_ADR_01_ASEReadCounter.table","NW_015090842.1:10128822",2,4,2
"FANCA","s374_S_ADR_01_ASEReadCounter.table","NW_015090842.1:10129383",0,2,2
"FANCA","s374_S_ADR_01_ASEReadCounter.table","NW_015090842.1:10129390",0,1,1
"FANCA","s374_S_ADR_01_ASEReadCounter.table","NW_015090842.1:10129422",1,3,2
"FANCA","s374_S_ADR_01_ASEReadCounter.table","NW_015090842.1:10129969",2,5,3
"FANCA","s374_S_ADR_01_ASEReadCounter.table","NW_015090842.1:10130399",0,2,2
"FANCA","s374_S_ADR_01_ASEReadCounter.table","NW_015090842.1:10130857",1,3,2
"FANCA","s374_S_ADR_01_ASEReadCounter.table","NW_015090842.1:10130878",1,3,2
"FANCA","s374_S_ADR_01_ASEReadCounter.table","NW_015090842.1:10133530",1,5,4
"FANCA","s374_S_ADR_01_ASEReadCounter.table","NW_015090842.1:10133533",1,5,4
"FANCA","s374_S_ADR_01_ASEReadCounter.table","NW_015090842.1:10133536",1,4,3
"FANCA","s374_S_ADR_01_ASEReadCounter.table","NW_015090842.1:10133601",1,3,2
"FANCA","s374_S_ADR_01_ASEReadCounter.table","NW_015090842.1:10134492",2,4,2
"FANCA","s374_S_ADR_01_ASEReadCounter.table","NW_015090842.1:10136957",2,2,0
"FANCA","s374_S_ADR_01_ASEReadCounter.table","NW_015090842.1:10136982",1,1,0
"FANCA","s374_S_ADR_01_ASEReadCounter.table","NW_015090842.1:10138618",2,2,0
"FANCA","s374_S_ADR_01_ASEReadCounter.table","NW_015090842.1:10139140",3,4,1
"FANCA","s374_S_ADR_01_ASEReadCounter.table","NW_015090842.1:10140699",1,1,0
"FANCA","s374_S_ADR_01_ASEReadCounter.table","NW_015090842.1:10141234",1,3,2
"FANCA","s374_S_ADR_01_ASEReadCounter.table","NW_015090842.1:10145030",1,1,0
"FANCA","s374_S_ADR_01_ASEReadCounter.table","NW_015090842.1:10152863",1,1,0
"FANCA","s374_S_ADR_01_ASEReadCounter.table","NW_015090842.1:10154490",1,3,2
"FANCA","s374_S_ADR_01_ASEReadCounter.table","NW_015090842.1:10158162",4,6,2
"FANCA","s374_S_ADR_01_ASEReadCounter.table","NW_015090842.1:10158957",2,4,2
"FANCA","s374_S_ADR_01_ASEReadCounter.table","NW_015090842.1:10160177",1,2,1
"FANCA","s374_S_ADR_01_ASEReadCounter.table","NW_015090842.1:10163667",2,4,2
"FANCA","s374_S_ADR_01_ASEReadCounter.table","NW_015090842.1:10164257",1,1,0
"FANCA","s374_S_ADR_01_ASEReadCounter.table","NW_015090842.1:10165331",1,1,0
"SPIRE2","s374_S_ADR_01_ASEReadCounter.table","NW_015090842.1:10172284",4,11,7
"SPIRE2","s374_S_ADR_01_ASEReadCounter.table","NW_015090842.1:10175262",3,11,8
"SPIRE2","s374_S_ADR_01_ASEReadCounter.table","NW_015090842.1:10175352",2,4,2
"SPIRE2","s374_S_ADR_01_ASEReadCounter.table","NW_015090842.1:10175400",16,25,9
"SPIRE2","s374_S_ADR_01_ASEReadCounter.table","NW_015090842.1:10175418",17,26,9
"SPIRE2","s374_S_ADR_01_ASEReadCounter.table","NW_015090842.1:10175704",22,43,21
"SPIRE2","s374_S_ADR_01_ASEReadCounter.table","NW_015090842.1:10176115",24,62,38
"SPIRE2","s374_S_ADR_01_ASEReadCounter.table","NW_015090842.1:10176561",21,53,32
"SPIRE2","s374_S_ADR_01_ASEReadCounter.table","NW_015090842.1:10176817",21,53,32
"SPIRE2","s374_S_ADR_01_ASEReadCounter.table","NW_015090842.1:10177084",9,33,24
"SPIRE2","s374_S_ADR_01_ASEReadCounter.table","NW_015090842.1:10177838",23,44,21
"SPIRE2","s374_S_ADR_01_ASEReadCounter.table","NW_015090842.1:10178000",20,37,17
"SPIRE2","s374_S_ADR_01_ASEReadCounter.table","NW_015090842.1:10178164",25,46,21
"SPIRE2","s374_S_ADR_01_ASEReadCounter.table","NW_015090842.1:10178216",25,56,31
"SPIRE2","s374_S_ADR_01_ASEReadCounter.table","NW_015090842.1:10178303",24,56,32
"SPIRE2","s374_S_ADR_01_ASEReadCounter.table","NW_015090842.1:10178403",13,43,30
"SPIRE2","s374_S_ADR_01_ASEReadCounter.table","NW_015090842.1:10178409",11,39,28
"SPIRE2","s374_S_ADR_01_ASEReadCounter.table","NW_015090842.1:10178524",9,30,21
"SPIRE2","s374_S_ADR_01_ASEReadCounter.table","NW_015090842.1:10178526",9,29,20
"SPIRE2","s374_S_ADR_01_ASEReadCounter.table","NW_015090842.1:10178531",8,29,21
"SPIRE2","s374_S_ADR_01_ASEReadCounter.table","NW_015090842.1:10178565",10,35,25
"SPIRE2","s374_S_ADR_01_ASEReadCounter.table","NW_015090842.1:10178587",10,32,22
"SPIRE2","s374_S_ADR_01_ASEReadCounter.table","NW_015090842.1:10178640",8,20,12
"SPIRE2","s374_S_ADR_01_ASEReadCounter.table","NW_015090842.1:10178651",8,23,15
"SPIRE2","s374_S_ADR_01_ASEReadCounter.table","NW_015090842.1:10178682",7,18,11
"TCF25","s374_S_ADR_01_ASEReadCounter.table","NW_015090842.1:10180912",40,67,27
"TCF25","s374_S_ADR_01_ASEReadCounter.table","NW_015090842.1:10180924",40,70,30
"TCF25","s374_S_ADR_01_ASEReadCounter.table","NW_015090842.1:10180931",42,75,33
"TCF25","s374_S_ADR_01_ASEReadCounter.table","NW_015090842.1:10185332",116,224,108
"TCF25","s374_S_ADR_01_ASEReadCounter.table","NW_015090842.1:10196561",78,173,95
"TCF25","s374_S_ADR_01_ASEReadCounter.table","NW_015090842.1:10197399",212,212,0
"MC1R","s374_S_ADR_01_ASEReadCounter.table","NW_015090842.1:10201986",1,3,2
"MC1R","s374_S_ADR_01_ASEReadCounter.table","NW_015090842.1:10202160",1,1,0
"TUBB3","s374_S_ADR_01_ASEReadCounter.table","NW_015090842.1:10205322",1,1,0
"GAS8","s374_S_ADR_01_ASEReadCounter.table","NW_015090842.1:10228982",17,42,25
"GAS8","s374_S_ADR_01_ASEReadCounter.table","NW_015090842.1:10229832",13,35,22
"GAS8","s374_S_ADR_01_ASEReadCounter.table","NW_015090842.1:10232901",20,36,16
"GAS8","s374_S_ADR_01_ASEReadCounter.table","NW_015090842.1:10232928",17,29,12
"GAS8","s374_S_ADR_01_ASEReadCounter.table","NW_015090842.1:10232967",16,35,19
"GAS8","s374_S_ADR_01_ASEReadCounter.table","NW_015090842.1:10233032",12,29,17
"GAS8","s374_S_ADR_01_ASEReadCounter.table","NW_015090842.1:10233057",11,21,10
"GAS8","s374_S_ADR_01_ASEReadCounter.table","NW_015090842.1:10233058",11,22,11
"GAS8","s374_S_ADR_01_ASEReadCounter.table","NW_015090842.1:10233176",8,15,7
"GAS8","s374_S_ADR_01_ASEReadCounter.table","NW_015090842.1:10233196",7,14,7
"GAS8","s374_S_ADR_01_ASEReadCounter.table","NW_015090842.1:10233252",7,9,2
"GAS8","s374_S_ADR_01_ASEReadCounter.table","NW_015090842.1:10233303",4,5,1
"LOC106888094","s374_S_ADR_01_ASEReadCounter.table","NW_015090842.1:10233334",9,21,12
"LOC106888094","s374_S_ADR_01_ASEReadCounter.table","NW_015090842.1:10233362",18,53,35
"LOC106888094","s374_S_ADR_01_ASEReadCounter.table","NW_015090842.1:10233373",18,61,43
"LOC106888094","s374_S_ADR_01_ASEReadCounter.table","NW_015090842.1:10233388",24,71,47
"LOC106888094","s374_S_ADR_01_ASEReadCounter.table","NW_015090842.1:10233402",25,74,49
"LOC106888094","s374_S_ADR_01_ASEReadCounter.table","NW_015090842.1:10233465",34,99,65
"LOC106888094","s374_S_ADR_01_ASEReadCounter.table","NW_015090842.1:10233803",35,127,92
"LOC106888094","s374_S_ADR_01_ASEReadCounter.table","NW_015090842.1:10233815",33,122,89
"LOC106888094","s374_S_ADR_01_ASEReadCounter.table","NW_015090842.1:10235484",5,9,4
"LOC106888094","s374_S_ADR_01_ASEReadCounter.table","NW_015090842.1:10235611",9,15,6
"LOC106888094","s374_S_ADR_01_ASEReadCounter.table","NW_015090842.1:10235977",20,20,0
"LOC106888094","s374_S_ADR_01_ASEReadCounter.table","NW_015090842.1:10236098",13,20,7
"LOC106888094","s374_S_ADR_01_ASEReadCounter.table","NW_015090842.1:10236161",3,13,10
"LOC106888094","s374_S_ADR_01_ASEReadCounter.table","NW_015090842.1:10236380",9,13,4
"LOC106888094","s374_S_ADR_01_ASEReadCounter.table","NW_015090842.1:10236388",12,18,6
"LOC106888094","s374_S_ADR_01_ASEReadCounter.table","NW_015090842.1:10236425",11,19,8
"LOC106888094","s374_S_ADR_01_ASEReadCounter.table","NW_015090842.1:10236426",11,19,8
"LOC106888094","s374_S_ADR_01_ASEReadCounter.table","NW_015090842.1:10236603",6,14,8
"LOC106888173","s374_S_ADR_01_ASEReadCounter.table","NW_015090842.1:10239596",0,5,5
"LOC106888173","s374_S_ADR_01_ASEReadCounter.table","NW_015090842.1:10240036",2,7,5
"LOC106888173","s374_S_ADR_01_ASEReadCounter.table","NW_015090842.1:10240095",2,9,7
"LOC106888173","s374_S_ADR_01_ASEReadCounter.table","NW_015090842.1:10240280",2,7,5
"LOC106888173","s374_S_ADR_01_ASEReadCounter.table","NW_015090842.1:10240557",4,14,10
"LOC106888173","s374_S_ADR_01_ASEReadCounter.table","NW_015090842.1:10240603",2,11,9
"LOC106888173","s374_S_ADR_01_ASEReadCounter.table","NW_015090842.1:10240609",2,11,9
"LOC106888173","s374_S_ADR_01_ASEReadCounter.table","NW_015090842.1:10240924",4,12,8
"LOC106888173","s374_S_ADR_01_ASEReadCounter.table","NW_015090842.1:10241037",4,12,8
"LOC106888173","s374_S_ADR_01_ASEReadCounter.table","NW_015090842.1:10241046",5,13,8
"LOC106888173","s374_S_ADR_01_ASEReadCounter.table","NW_015090842.1:10241058",7,14,7
"LOC106888173","s374_S_ADR_01_ASEReadCounter.table","NW_015090842.1:10241064",8,14,6
"LOC106888173","s374_S_ADR_01_ASEReadCounter.table","NW_015090842.1:10241163",6,11,5
"LOC106888173","s374_S_ADR_01_ASEReadCounter.table","NW_015090842.1:10241803",5,18,13
"LOC106888173","s374_S_ADR_01_ASEReadCounter.table","NW_015090842.1:10241827",4,17,13
"LOC106888173","s374_S_ADR_01_ASEReadCounter.table","NW_015090842.1:10241869",2,15,13
"LOC106888173","s374_S_ADR_01_ASEReadCounter.table","NW_015090842.1:10242079",3,11,8
"LOC106888173","s374_S_ADR_01_ASEReadCounter.table","NW_015090842.1:10242103",3,11,8
"LOC106888173","s374_S_ADR_01_ASEReadCounter.table","NW_015090842.1:10242157",1,13,12
"LOC106888173","s374_S_ADR_01_ASEReadCounter.table","NW_015090842.1:10242455",3,17,14
"LOC106888173","s374_S_ADR_01_ASEReadCounter.table","NW_015090842.1:10242481",2,16,14
"LOC106888173","s374_S_ADR_01_ASEReadCounter.table","NW_015090842.1:10242590",2,11,9
"LOC106888173","s374_S_ADR_01_ASEReadCounter.table","NW_015090842.1:10242794",3,17,14
"LOC106888173","s374_S_ADR_01_ASEReadCounter.table","NW_015090842.1:10242909",1,13,12
"LOC106888173","s374_S_ADR_01_ASEReadCounter.table","NW_015090842.1:10243094",4,17,13
"LOC106888173","s374_S_ADR_01_ASEReadCounter.table","NW_015090842.1:10243133",5,14,9
"LOC106888173","s374_S_ADR_01_ASEReadCounter.table","NW_015090842.1:10243273",5,19,14
"LOC106888173","s374_S_ADR_01_ASEReadCounter.table","NW_015090842.1:10243278",6,20,14
"LOC106888173","s374_S_ADR_01_ASEReadCounter.table","NW_015090842.1:10243281",6,20,14
"LOC106888173","s374_S_ADR_01_ASEReadCounter.table","NW_015090842.1:10243347",12,12,0
"LOC106888173","s374_S_ADR_01_ASEReadCounter.table","NW_015090842.1:10243353",5,12,7
"LOC106888173","s374_S_ADR_01_ASEReadCounter.table","NW_015090842.1:10243363",5,11,6
"LOC106888173","s374_S_ADR_01_ASEReadCounter.table","NW_015090842.1:10243365",5,11,6
"LOC106888173","s374_S_ADR_01_ASEReadCounter.table","NW_015090842.1:10243529",4,10,6
"LOC106888173","s374_S_ADR_01_ASEReadCounter.table","NW_015090842.1:10243566",4,15,11
"LOC106888173","s374_S_ADR_01_ASEReadCounter.table","NW_015090842.1:10243605",3,14,11
"LOC106888173","s374_S_ADR_01_ASEReadCounter.table","NW_015090842.1:10243614",1,12,11
"LOC106888173","s374_S_ADR_01_ASEReadCounter.table","NW_015090842.1:10243615",1,12,11
"LOC106888173","s374_S_ADR_01_ASEReadCounter.table","NW_015090842.1:10243640",3,12,9
"LOC106888173","s374_S_ADR_01_ASEReadCounter.table","NW_015090842.1:10243680",5,14,9
"LOC106888173","s374_S_ADR_01_ASEReadCounter.table","NW_015090842.1:10243742",4,12,8
"LOC106888173","s374_S_ADR_01_ASEReadCounter.table","NW_015090842.1:10243804",3,9,6
"LOC106888173","s374_S_ADR_01_ASEReadCounter.table","NW_015090842.1:10243913",1,4,3
"LOC106888173","s374_S_ADR_01_ASEReadCounter.table","NW_015090842.1:10243921",1,4,3
"LOC106888384","s374_S_ADR_01_ASEReadCounter.table","NW_015090842.1:10244714",3,7,4
"LOC106888384","s374_S_ADR_01_ASEReadCounter.table","NW_015090842.1:10244998",7,11,4
"LOC106888384","s374_S_ADR_01_ASEReadCounter.table","NW_015090842.1:10250743",7,12,5
"LOC106888384","s374_S_ADR_01_ASEReadCounter.table","NW_015090842.1:10250771",7,12,5
"LOC106888384","s374_S_ADR_01_ASEReadCounter.table","NW_015090842.1:10251343",14,14,0
"LOC106888384","s374_S_ADR_01_ASEReadCounter.table","NW_015090842.1:10251344",14,14,0
"LOC106888384","s374_S_ADR_01_ASEReadCounter.table","NW_015090842.1:10251349",14,14,0
"LOC106888384","s374_S_ADR_01_ASEReadCounter.table","NW_015090842.1:10251354",14,16,2
"LOC106888384","s374_S_ADR_01_ASEReadCounter.table","NW_015090842.1:10251358",14,16,2
"LOC106888384","s374_S_ADR_01_ASEReadCounter.table","NW_015090842.1:10251369",5,17,12
"LOC106888384","s374_S_ADR_01_ASEReadCounter.table","NW_015090842.1:10251370",15,17,2
"LOC106888384","s374_S_ADR_01_ASEReadCounter.table","NW_015090842.1:10251375",11,13,2
"LOC106888384","s374_S_ADR_01_ASEReadCounter.table","NW_015090842.1:10251388",6,8,2
"LOC106888384","s374_S_ADR_01_ASEReadCounter.table","NW_015090842.1:10251390",6,8,2
"LOC106888384","s374_S_ADR_01_ASEReadCounter.table","NW_015090842.1:10251393",9,11,2
"LOC106888384","s374_S_ADR_01_ASEReadCounter.table","NW_015090842.1:10251399",9,11,2
"LOC106888384","s374_S_ADR_01_ASEReadCounter.table","NW_015090842.1:10251492",9,9,0
"LOC106888384","s374_S_ADR_01_ASEReadCounter.table","NW_015090842.1:10253165",13,27,14
"LOC106888384","s374_S_ADR_01_ASEReadCounter.table","NW_015090842.1:10253284",11,20,9
"LOC106888384","s374_S_ADR_01_ASEReadCounter.table","NW_015090842.1:10253605",12,27,15
"LOC106888384","s374_S_ADR_01_ASEReadCounter.table","NW_015090842.1:10254028",15,23,8
"LOC106888384","s374_S_ADR_01_ASEReadCounter.table","NW_015090842.1:10254227",7,15,8
"LOC106888384","s374_S_ADR_01_ASEReadCounter.table","NW_015090842.1:10254233",8,19,11
"LOC106888384","s374_S_ADR_01_ASEReadCounter.table","NW_015090842.1:10254263",7,19,12
"LOC106888384","s374_S_ADR_01_ASEReadCounter.table","NW_015090842.1:10254293",6,18,12
"LOC106888384","s374_S_ADR_01_ASEReadCounter.table","NW_015090842.1:10254570",9,23,14
"LOC106888384","s374_S_ADR_01_ASEReadCounter.table","NW_015090842.1:10254647",7,11,4
"LOC106888384","s374_S_ADR_01_ASEReadCounter.table","NW_015090842.1:10254663",6,10,4
"LOC106888384","s374_S_ADR_01_ASEReadCounter.table","NW_015090842.1:10254840",0,7,7
"LOC106888384","s374_S_ADR_01_ASEReadCounter.table","NW_015090842.1:10254854",8,8,0
"LOC106888384","s374_S_ADR_01_ASEReadCounter.table","NW_015090842.1:10254891",13,13,0
"LOC106888384","s374_S_ADR_01_ASEReadCounter.table","NW_015090842.1:10254900",2,11,9
"LOC106888384","s374_S_ADR_01_ASEReadCounter.table","NW_015090842.1:10254915",3,16,13
"LOC106888384","s374_S_ADR_01_ASEReadCounter.table","NW_015090842.1:10254965",10,10,0
"LOC106888384","s374_S_ADR_01_ASEReadCounter.table","NW_015090842.1:10254975",2,12,10
"LOC106888384","s374_S_ADR_01_ASEReadCounter.table","NW_015090842.1:10255077",4,11,7
"LOC106888384","s374_S_ADR_01_ASEReadCounter.table","NW_015090842.1:10255117",8,12,4
"LOC106888384","s374_S_ADR_01_ASEReadCounter.table","NW_015090842.1:10255138",7,9,2
"LOC106888384","s374_S_ADR_01_ASEReadCounter.table","NW_015090842.1:10255139",7,9,2
"LOC106888384","s374_S_ADR_01_ASEReadCounter.table","NW_015090842.1:10255209",5,8,3
"LOC106888384","s374_S_ADR_01_ASEReadCounter.table","NW_015090842.1:10255211",5,8,3
"LOC106888384","s374_S_ADR_01_ASEReadCounter.table","NW_015090842.1:10255236",7,10,3
"LOC106888384","s374_S_ADR_01_ASEReadCounter.table","NW_015090842.1:10255262",8,12,4
"LOC106888384","s374_S_ADR_01_ASEReadCounter.table","NW_015090842.1:10255264",8,13,5
"LOC106888384","s374_S_ADR_01_ASEReadCounter.table","NW_015090842.1:10255306",6,12,6
"LOC106888384","s374_S_ADR_01_ASEReadCounter.table","NW_015090842.1:10255340",5,11,6
"LOC106888384","s374_S_ADR_01_ASEReadCounter.table","NW_015090842.1:10255410",8,10,2
"LOC106888384","s374_S_ADR_01_ASEReadCounter.table","NW_015090842.1:10255449",10,14,4
"LOC106888384","s374_S_ADR_01_ASEReadCounter.table","NW_015090842.1:10255496",9,16,7
"LOC106888384","s374_S_ADR_01_ASEReadCounter.table","NW_015090842.1:10255505",8,18,10
"LOC106888384","s374_S_ADR_01_ASEReadCounter.table","NW_015090842.1:10255531",10,17,7
"LOC106888384","s374_S_ADR_01_ASEReadCounter.table","NW_015090842.1:10255608",9,20,11
"LOC106888384","s374_S_ADR_01_ASEReadCounter.table","NW_015090842.1:10255614",10,21,11
"LOC106888384","s374_S_ADR_01_ASEReadCounter.table","NW_015090842.1:10255704",18,30,12
"LOC106888384","s374_S_ADR_01_ASEReadCounter.table","NW_015090842.1:10255731",15,23,8
"LOC106888384","s374_S_ADR_01_ASEReadCounter.table","NW_015090842.1:10255771",8,14,6
"TANGO6","s374_S_ADR_01_ASEReadCounter.table","NW_015090842.1:10257782",10,24,14
"TANGO6","s374_S_ADR_01_ASEReadCounter.table","NW_015090842.1:10258162",7,14,7
"TANGO6","s374_S_ADR_01_ASEReadCounter.table","NW_015090842.1:10258185",9,19,10
"TANGO6","s374_S_ADR_01_ASEReadCounter.table","NW_015090842.1:10259267",16,32,16
"TANGO6","s374_S_ADR_01_ASEReadCounter.table","NW_015090842.1:10260250",46,69,23
"TANGO6","s374_S_ADR_01_ASEReadCounter.table","NW_015090842.1:10260979",16,35,19
"TANGO6","s374_S_ADR_01_ASEReadCounter.table","NW_015090842.1:10261599",17,43,26
"TANGO6","s374_S_ADR_01_ASEReadCounter.table","NW_015090842.1:10268425",36,73,37
"TANGO6","s374_S_ADR_01_ASEReadCounter.table","NW_015090842.1:10269831",14,40,26
"TANGO6","s374_S_ADR_01_ASEReadCounter.table","NW_015090842.1:10270813",20,46,26
"TANGO6","s374_S_ADR_01_ASEReadCounter.table","NW_015090842.1:10273952",22,43,21
"TANGO6","s374_S_ADR_01_ASEReadCounter.table","NW_015090842.1:10273970",22,47,25
"TANGO6","s374_S_ADR_01_ASEReadCounter.table","NW_015090842.1:10274018",21,46,25
"TANGO6","s374_S_ADR_01_ASEReadCounter.table","NW_015090842.1:10275974",23,41,18
"TANGO6","s374_S_ADR_01_ASEReadCounter.table","NW_015090842.1:10275976",23,40,17
"TANGO6","s374_S_ADR_01_ASEReadCounter.table","NW_015090842.1:10276123",18,35,17
"TANGO6","s374_S_ADR_01_ASEReadCounter.table","NW_015090842.1:10276271",15,38,23
"TANGO6","s374_S_ADR_01_ASEReadCounter.table","NW_015090842.1:10276272",15,38,23
"TANGO6","s374_S_ADR_01_ASEReadCounter.table","NW_015090842.1:10276275",15,40,25
"TANGO6","s374_S_ADR_01_ASEReadCounter.table","NW_015090842.1:10276278",16,41,25
"TANGO6","s374_S_ADR_01_ASEReadCounter.table","NW_015090842.1:10276368",13,31,18
"TANGO6","s374_S_ADR_01_ASEReadCounter.table","NW_015090842.1:10276373",13,31,18
"TANGO6","s374_S_ADR_01_ASEReadCounter.table","NW_015090842.1:10276630",16,29,13
"TANGO6","s374_S_ADR_01_ASEReadCounter.table","NW_015090842.1:10281498",30,40,10
"TANGO6","s374_S_ADR_01_ASEReadCounter.table","NW_015090842.1:10282842",24,36,12
"TANGO6","s374_S_ADR_01_ASEReadCounter.table","NW_015090842.1:10282863",19,27,8
"TANGO6","s374_S_ADR_01_ASEReadCounter.table","NW_015090842.1:10282869",18,27,9
"TANGO6","s374_S_ADR_01_ASEReadCounter.table","NW_015090842.1:10282903",21,40,19
"TANGO6","s374_S_ADR_01_ASEReadCounter.table","NW_015090842.1:10283757",15,36,21
"TANGO6","s374_S_ADR_01_ASEReadCounter.table","NW_015090842.1:10283785",11,31,20
"HAS3","s374_S_ADR_01_ASEReadCounter.table","NW_015090842.1:10290927",0,1,1
"CHTF8","s374_S_ADR_01_ASEReadCounter.table","NW_015090842.1:10291319",2,3,1
"CHTF8","s374_S_ADR_01_ASEReadCounter.table","NW_015090842.1:10291342",2,4,2
"CHTF8","s374_S_ADR_01_ASEReadCounter.table","NW_015090842.1:10291491",10,13,3
"CHTF8","s374_S_ADR_01_ASEReadCounter.table","NW_015090842.1:10291520",11,16,5
"CHTF8","s374_S_ADR_01_ASEReadCounter.table","NW_015090842.1:10291593",18,24,6
"CHTF8","s374_S_ADR_01_ASEReadCounter.table","NW_015090842.1:10291600",16,21,5
"CHTF8","s374_S_ADR_01_ASEReadCounter.table","NW_015090842.1:10291609",17,21,4
"CHTF8","s374_S_ADR_01_ASEReadCounter.table","NW_015090842.1:10291639",21,26,5
"CHTF8","s374_S_ADR_01_ASEReadCounter.table","NW_015090842.1:10291641",20,25,5
"CHTF8","s374_S_ADR_01_ASEReadCounter.table","NW_015090842.1:10291648",22,26,4
"CHTF8","s374_S_ADR_01_ASEReadCounter.table","NW_015090842.1:10291656",23,27,4
"CHTF8","s374_S_ADR_01_ASEReadCounter.table","NW_015090842.1:10291675",18,27,9
"CHTF8","s374_S_ADR_01_ASEReadCounter.table","NW_015090842.1:10291696",17,28,11
"CHTF8","s374_S_ADR_01_ASEReadCounter.table","NW_015090842.1:10291714",13,22,9
"CHTF8","s374_S_ADR_01_ASEReadCounter.table","NW_015090842.1:10291732",8,18,10
"CHTF8","s374_S_ADR_01_ASEReadCounter.table","NW_015090842.1:10291755",7,20,13
"CHTF8","s374_S_ADR_01_ASEReadCounter.table","NW_015090842.1:10291756",7,20,13
"CHTF8","s374_S_ADR_01_ASEReadCounter.table","NW_015090842.1:10291758",7,20,13
"CHTF8","s374_S_ADR_01_ASEReadCounter.table","NW_015090842.1:10291792",8,19,11
"CHTF8","s374_S_ADR_01_ASEReadCounter.table","NW_015090842.1:10291895",11,21,10
"CHTF8","s374_S_ADR_01_ASEReadCounter.table","NW_015090842.1:10292132",13,18,5
"CHTF8","s374_S_ADR_01_ASEReadCounter.table","NW_015090842.1:10292314",15,24,9
"CHTF8","s374_S_ADR_01_ASEReadCounter.table","NW_015090842.1:10292317",17,26,9
"CHTF8","s374_S_ADR_01_ASEReadCounter.table","NW_015090842.1:10292928",3,3,0
"UTP4","s374_S_ADR_01_ASEReadCounter.table","NW_015090842.1:10293146",42,91,49
"UTP4","s374_S_ADR_01_ASEReadCounter.table","NW_015090842.1:10293151",43,92,49
"UTP4","s374_S_ADR_01_ASEReadCounter.table","NW_015090842.1:10293191",27,53,26
"UTP4","s374_S_ADR_01_ASEReadCounter.table","NW_015090842.1:10293362",38,84,46
"UTP4","s374_S_ADR_01_ASEReadCounter.table","NW_015090842.1:10293430",36,90,54
"UTP4","s374_S_ADR_01_ASEReadCounter.table","NW_015090842.1:10293625",33,75,42
"UTP4","s374_S_ADR_01_ASEReadCounter.table","NW_015090842.1:10293684",41,88,47
"UTP4","s374_S_ADR_01_ASEReadCounter.table","NW_015090842.1:10294093",33,79,46
"UTP4","s374_S_ADR_01_ASEReadCounter.table","NW_015090842.1:10294568",46,95,49
"UTP4","s374_S_ADR_01_ASEReadCounter.table","NW_015090842.1:10294622",45,89,44
"UTP4","s374_S_ADR_01_ASEReadCounter.table","NW_015090842.1:10294632",49,97,48
"UTP4","s374_S_ADR_01_ASEReadCounter.table","NW_015090842.1:10295238",35,82,47
"UTP4","s374_S_ADR_01_ASEReadCounter.table","NW_015090842.1:10295880",46,88,42
"UTP4","s374_S_ADR_01_ASEReadCounter.table","NW_015090842.1:10295884",46,94,48
"UTP4","s374_S_ADR_01_ASEReadCounter.table","NW_015090842.1:10295903",40,86,46
"UTP4","s374_S_ADR_01_ASEReadCounter.table","NW_015090842.1:10295906",40,88,48
"UTP4","s374_S_ADR_01_ASEReadCounter.table","NW_015090842.1:10295915",41,90,49
"UTP4","s374_S_ADR_01_ASEReadCounter.table","NW_015090842.1:10295938",38,79,41
"UTP4","s374_S_ADR_01_ASEReadCounter.table","NW_015090842.1:10296175",39,84,45
"UTP4","s374_S_ADR_01_ASEReadCounter.table","NW_015090842.1:10296660",38,79,41
"UTP4","s374_S_ADR_01_ASEReadCounter.table","NW_015090842.1:10296679",37,81,44
"UTP4","s374_S_ADR_01_ASEReadCounter.table","NW_015090842.1:10297193",49,87,38
"UTP4","s374_S_ADR_01_ASEReadCounter.table","NW_015090842.1:10297220",49,87,38
"UTP4","s374_S_ADR_01_ASEReadCounter.table","NW_015090842.1:10297307",46,96,50
"UTP4","s374_S_ADR_01_ASEReadCounter.table","NW_015090842.1:10297558",49,92,43
"UTP4","s374_S_ADR_01_ASEReadCounter.table","NW_015090842.1:10297943",47,74,27
"UTP4","s374_S_ADR_01_ASEReadCounter.table","NW_015090842.1:10297979",38,72,34
"UTP4","s374_S_ADR_01_ASEReadCounter.table","NW_015090842.1:10298022",29,57,28
"UTP4","s374_S_ADR_01_ASEReadCounter.table","NW_015090842.1:10298079",6,17,11
"UTP4","s374_S_ADR_01_ASEReadCounter.table","NW_015090842.1:10298081",6,17,11
"UTP4","s374_S_ADR_01_ASEReadCounter.table","NW_015090842.1:10298082",6,17,11
"SNTB2","s374_S_ADR_01_ASEReadCounter.table","NW_015090842.1:10298905",3,5,2
"SNTB2","s374_S_ADR_01_ASEReadCounter.table","NW_015090842.1:10298928",10,15,5
"SNTB2","s374_S_ADR_01_ASEReadCounter.table","NW_015090842.1:10303506",22,41,19
"SNTB2","s374_S_ADR_01_ASEReadCounter.table","NW_015090842.1:10303524",22,36,14
"SNTB2","s374_S_ADR_01_ASEReadCounter.table","NW_015090842.1:10304059",29,48,19
"SNTB2","s374_S_ADR_01_ASEReadCounter.table","NW_015090842.1:10304089",33,57,24
"SNTB2","s374_S_ADR_01_ASEReadCounter.table","NW_015090842.1:10304167",29,54,25
"SNTB2","s374_S_ADR_01_ASEReadCounter.table","NW_015090842.1:10304176",26,49,23
"SNTB2","s374_S_ADR_01_ASEReadCounter.table","NW_015090842.1:10305069",24,43,19
"SNTB2","s374_S_ADR_01_ASEReadCounter.table","NW_015090842.1:10305099",19,37,18
"SNTB2","s374_S_ADR_01_ASEReadCounter.table","NW_015090842.1:10305451",15,26,11
"SNTB2","s374_S_ADR_01_ASEReadCounter.table","NW_015090842.1:10305547",21,39,18
"SNTB2","s374_S_ADR_01_ASEReadCounter.table","NW_015090842.1:10305847",22,30,8
"SNTB2","s374_S_ADR_01_ASEReadCounter.table","NW_015090842.1:10305911",26,45,19
"SNTB2","s374_S_ADR_01_ASEReadCounter.table","NW_015090842.1:10306173",24,47,23
"SNTB2","s374_S_ADR_01_ASEReadCounter.table","NW_015090842.1:10306275",20,28,8
"SNTB2","s374_S_ADR_01_ASEReadCounter.table","NW_015090842.1:10306457",26,45,19
"SNTB2","s374_S_ADR_01_ASEReadCounter.table","NW_015090842.1:10306496",24,43,19
"SNTB2","s374_S_ADR_01_ASEReadCounter.table","NW_015090842.1:10306499",24,40,16
"VPS4A","s374_S_ADR_01_ASEReadCounter.table","NW_015090842.1:10308566",127,262,135
"VPS4A","s374_S_ADR_01_ASEReadCounter.table","NW_015090842.1:10308573",129,264,135
"VPS4A","s374_S_ADR_01_ASEReadCounter.table","NW_015090842.1:10308856",134,340,206
"VPS4A","s374_S_ADR_01_ASEReadCounter.table","NW_015090842.1:10309056",164,395,231
"VPS4A","s374_S_ADR_01_ASEReadCounter.table","NW_015090842.1:10309089",233,490,257
"VPS4A","s374_S_ADR_01_ASEReadCounter.table","NW_015090842.1:10309392",234,474,240
"VPS4A","s374_S_ADR_01_ASEReadCounter.table","NW_015090842.1:10309413",230,468,238
"VPS4A","s374_S_ADR_01_ASEReadCounter.table","NW_015090842.1:10309467",207,470,263
"VPS4A","s374_S_ADR_01_ASEReadCounter.table","NW_015090842.1:10310230",213,518,305
"VPS4A","s374_S_ADR_01_ASEReadCounter.table","NW_015090842.1:10310425",207,452,245
"VPS4A","s374_S_ADR_01_ASEReadCounter.table","NW_015090842.1:10310639",207,470,263
"VPS4A","s374_S_ADR_01_ASEReadCounter.table","NW_015090842.1:10310640",209,477,268
"VPS4A","s374_S_ADR_01_ASEReadCounter.table","NW_015090842.1:10310687",230,479,249
"VPS4A","s374_S_ADR_01_ASEReadCounter.table","NW_015090842.1:10310734",190,391,201
"VPS4A","s374_S_ADR_01_ASEReadCounter.table","NW_015090842.1:10310737",183,387,204
"VPS4A","s374_S_ADR_01_ASEReadCounter.table","NW_015090842.1:10310746",184,385,201
"VPS4A","s374_S_ADR_01_ASEReadCounter.table","NW_015090842.1:10310767",189,399,210
"VPS4A","s374_S_ADR_01_ASEReadCounter.table","NW_015090842.1:10310995",175,379,204
"VPS4A","s374_S_ADR_01_ASEReadCounter.table","NW_015090842.1:10311004",181,383,202
"VPS4A","s374_S_ADR_01_ASEReadCounter.table","NW_015090842.1:10311007",175,377,202
"VPS4A","s374_S_ADR_01_ASEReadCounter.table","NW_015090842.1:10311013",194,392,198
"VPS4A","s374_S_ADR_01_ASEReadCounter.table","NW_015090842.1:10311022",172,369,197
"VPS4A","s374_S_ADR_01_ASEReadCounter.table","NW_015090842.1:10311023",173,368,195
"VPS4A","s374_S_ADR_01_ASEReadCounter.table","NW_015090842.1:10311426",178,415,237
"VPS4A","s374_S_ADR_01_ASEReadCounter.table","NW_015090842.1:10311489",1,7,6
"VPS4A","s374_S_ADR_01_ASEReadCounter.table","NW_015090842.1:10311490",2,6,4
"VPS4A","s374_S_ADR_01_ASEReadCounter.table","NW_015090842.1:10311525",8,17,9
"VPS4A","s374_S_ADR_01_ASEReadCounter.table","NW_015090842.1:10311529",10,26,16
"VPS4A","s374_S_ADR_01_ASEReadCounter.table","NW_015090842.1:10311530",10,27,17
"VPS4A","s374_S_ADR_01_ASEReadCounter.table","NW_015090842.1:10311552",39,64,25
"VPS4A","s374_S_ADR_01_ASEReadCounter.table","NW_015090842.1:10311689",23,46,23
"VPS4A","s374_S_ADR_01_ASEReadCounter.table","NW_015090842.1:10311700",29,52,23
"VPS4A","s374_S_ADR_01_ASEReadCounter.table","NW_015090842.1:10311701",29,54,25
"VPS4A","s374_S_ADR_01_ASEReadCounter.table","NW_015090842.1:10311703",29,53,24
"COG8","s374_S_ADR_01_ASEReadCounter.table","NW_015090842.1:10313487",24,57,33
"COG8","s374_S_ADR_01_ASEReadCounter.table","NW_015090842.1:10313559",42,82,40
"COG8","s374_S_ADR_01_ASEReadCounter.table","NW_015090842.1:10313579",36,79,43
"COG8","s374_S_ADR_01_ASEReadCounter.table","NW_015090842.1:10313665",31,61,30
"COG8","s374_S_ADR_01_ASEReadCounter.table","NW_015090842.1:10313681",36,68,32
"COG8","s374_S_ADR_01_ASEReadCounter.table","NW_015090842.1:10313768",48,98,50
"COG8","s374_S_ADR_01_ASEReadCounter.table","NW_015090842.1:10313775",48,97,49
"COG8","s374_S_ADR_01_ASEReadCounter.table","NW_015090842.1:10313811",33,74,41
"COG8","s374_S_ADR_01_ASEReadCounter.table","NW_015090842.1:10313858",27,58,31
"COG8","s374_S_ADR_01_ASEReadCounter.table","NW_015090842.1:10313859",56,56,0
"COG8","s374_S_ADR_01_ASEReadCounter.table","NW_015090842.1:10314100",51,95,44
"COG8","s374_S_ADR_01_ASEReadCounter.table","NW_015090842.1:10314213",36,82,46
"COG8","s374_S_ADR_01_ASEReadCounter.table","NW_015090842.1:10315093",35,62,27
"COG8","s374_S_ADR_01_ASEReadCounter.table","NW_015090842.1:10315162",29,67,38
"COG8","s374_S_ADR_01_ASEReadCounter.table","NW_015090842.1:10315285",44,98,54
"COG8","s374_S_ADR_01_ASEReadCounter.table","NW_015090842.1:10315360",28,67,39
"COG8","s374_S_ADR_01_ASEReadCounter.table","NW_015090842.1:10315369",29,71,42
"COG8","s374_S_ADR_01_ASEReadCounter.table","NW_015090842.1:10315508",27,54,27
"COG8","s374_S_ADR_01_ASEReadCounter.table","NW_015090842.1:10315624",36,88,52
"COG8","s374_S_ADR_01_ASEReadCounter.table","NW_015090842.1:10315693",38,90,52
"COG8","s374_S_ADR_01_ASEReadCounter.table","NW_015090842.1:10315698",42,90,48
"COG8","s374_S_ADR_01_ASEReadCounter.table","NW_015090842.1:10315768",31,81,50
"COG8","s374_S_ADR_01_ASEReadCounter.table","NW_015090842.1:10315769",31,79,48
"COG8","s374_S_ADR_01_ASEReadCounter.table","NW_015090842.1:10315784",31,77,46
"COG8","s374_S_ADR_01_ASEReadCounter.table","NW_015090842.1:10316093",32,70,38
"COG8","s374_S_ADR_01_ASEReadCounter.table","NW_015090842.1:10316133",27,59,32
"NIP7","s374_S_ADR_01_ASEReadCounter.table","NW_015090842.1:10316759",31,55,24
"NIP7","s374_S_ADR_01_ASEReadCounter.table","NW_015090842.1:10316967",147,279,132
"NIP7","s374_S_ADR_01_ASEReadCounter.table","NW_015090842.1:10316995",165,325,160
"NIP7","s374_S_ADR_01_ASEReadCounter.table","NW_015090842.1:10317240",206,399,193
"NIP7","s374_S_ADR_01_ASEReadCounter.table","NW_015090842.1:10317247",202,389,187
"NIP7","s374_S_ADR_01_ASEReadCounter.table","NW_015090842.1:10317264",186,349,163
"NIP7","s374_S_ADR_01_ASEReadCounter.table","NW_015090842.1:10317433",212,416,204
"NIP7","s374_S_ADR_01_ASEReadCounter.table","NW_015090842.1:10317738",170,344,174
"NIP7","s374_S_ADR_01_ASEReadCounter.table","NW_015090842.1:10317769",181,341,160
"NIP7","s374_S_ADR_01_ASEReadCounter.table","NW_015090842.1:10317808",104,210,106
"NIP7","s374_S_ADR_01_ASEReadCounter.table","NW_015090842.1:10317870",64,145,81
"NIP7","s374_S_ADR_01_ASEReadCounter.table","NW_015090842.1:10317871",64,142,78
"NIP7","s374_S_ADR_01_ASEReadCounter.table","NW_015090842.1:10317898",41,94,53
"NIP7","s374_S_ADR_01_ASEReadCounter.table","NW_015090842.1:10317911",41,87,46
"TMED6","s374_S_ADR_01_ASEReadCounter.table","NW_015090842.1:10318514",2,3,1
"TMED6","s374_S_ADR_01_ASEReadCounter.table","NW_015090842.1:10318731",0,2,2
"TERF2","s374_S_ADR_01_ASEReadCounter.table","NW_015090842.1:10321768",34,62,28
"TERF2","s374_S_ADR_01_ASEReadCounter.table","NW_015090842.1:10321777",32,59,27
"TERF2","s374_S_ADR_01_ASEReadCounter.table","NW_015090842.1:10321805",33,61,28
"TERF2","s374_S_ADR_01_ASEReadCounter.table","NW_015090842.1:10321878",61,98,37
"TERF2","s374_S_ADR_01_ASEReadCounter.table","NW_015090842.1:10321893",53,94,41
"TERF2","s374_S_ADR_01_ASEReadCounter.table","NW_015090842.1:10321897",55,90,35
"TERF2","s374_S_ADR_01_ASEReadCounter.table","NW_015090842.1:10321908",49,81,32
"TERF2","s374_S_ADR_01_ASEReadCounter.table","NW_015090842.1:10322001",68,114,46
"TERF2","s374_S_ADR_01_ASEReadCounter.table","NW_015090842.1:10322035",64,105,41
"TERF2","s374_S_ADR_01_ASEReadCounter.table","NW_015090842.1:10322051",61,109,48
"TERF2","s374_S_ADR_01_ASEReadCounter.table","NW_015090842.1:10322137",50,81,31
"TERF2","s374_S_ADR_01_ASEReadCounter.table","NW_015090842.1:10322144",48,79,31
"TERF2","s374_S_ADR_01_ASEReadCounter.table","NW_015090842.1:10322388",50,113,63
"TERF2","s374_S_ADR_01_ASEReadCounter.table","NW_015090842.1:10322396",49,111,62
"TERF2","s374_S_ADR_01_ASEReadCounter.table","NW_015090842.1:10322502",71,131,60
"TERF2","s374_S_ADR_01_ASEReadCounter.table","NW_015090842.1:10322504",71,133,62
"TERF2","s374_S_ADR_01_ASEReadCounter.table","NW_015090842.1:10322510",71,133,62
"TERF2","s374_S_ADR_01_ASEReadCounter.table","NW_015090842.1:10323580",68,124,56
"TERF2","s374_S_ADR_01_ASEReadCounter.table","NW_015090842.1:10324314",62,123,61
"TERF2","s374_S_ADR_01_ASEReadCounter.table","NW_015090842.1:10326832",54,116,62
"TERF2","s374_S_ADR_01_ASEReadCounter.table","NW_015090842.1:10327787",54,103,49
"TERF2","s374_S_ADR_01_ASEReadCounter.table","NW_015090842.1:10328588",74,130,56
"TERF2","s374_S_ADR_01_ASEReadCounter.table","NW_015090842.1:10328644",46,98,52
"TERF2","s374_S_ADR_01_ASEReadCounter.table","NW_015090842.1:10329813",66,116,50
"TERF2","s374_S_ADR_01_ASEReadCounter.table","NW_015090842.1:10330749",71,115,44
"TERF2","s374_S_ADR_01_ASEReadCounter.table","NW_015090842.1:10330789",66,112,46
"CYB5B","s374_S_ADR_01_ASEReadCounter.table","NW_015090842.1:10336595",70,125,55
"CYB5B","s374_S_ADR_01_ASEReadCounter.table","NW_015090842.1:10336667",246,437,191
"CYB5B","s374_S_ADR_01_ASEReadCounter.table","NW_015090842.1:10336689",345,623,278
"CYB5B","s374_S_ADR_01_ASEReadCounter.table","NW_015090842.1:10336728",441,846,405
"CYB5B","s374_S_ADR_01_ASEReadCounter.table","NW_015090842.1:10345068",440,872,432
"CYB5B","s374_S_ADR_01_ASEReadCounter.table","NW_015090842.1:10348800",535,977,442
"CYB5B","s374_S_ADR_01_ASEReadCounter.table","NW_015090842.1:10349046",397,681,284
"CYB5B","s374_S_ADR_01_ASEReadCounter.table","NW_015090842.1:10349119",203,487,284
"CYB5B","s374_S_ADR_01_ASEReadCounter.table","NW_015090842.1:10349146",108,385,277
"CYB5B","s374_S_ADR_01_ASEReadCounter.table","NW_015090842.1:10349157",182,456,274
"CYB5B","s374_S_ADR_01_ASEReadCounter.table","NW_015090842.1:10349263",473,473,0
